<system>: , 0
<attitude>: -0.021 0.017 1.000 0.341 -0.940 0.023 0.940 0.342 0.014 
<location>: 44.567585, -123.275230, -113.844124
<imu>: <gyro>: 0.0192 -0.0082 -0.0185 <accel>: 0.9899 -0.0098 0.0183 
<location>: 44.567585, -123.275230, -113.894684
<location>: 44.567585, -123.275230, -113.854301
<location>: 44.567585, -123.275230, -114.037094
<location>: 44.567585, -123.275230, -114.070976
<location>: 44.567585, -123.275230, -114.097443
<imu>: <gyro>: 0.0075 -0.0050 -0.0185 <accel>: 0.9961 0.0131 0.0325 
<location>: 44.567585, -123.275230, -114.072876
<location>: 44.567585, -123.275230, -114.130402
<location>: 44.567585, -123.275230, -114.073280
<location>: 44.567585, -123.275230, -114.133713
<system>: , 0.000000
<attitude>: -0.020 0.018 1.000 0.344 -0.939 0.023 0.939 0.344 0.012 
<location>: 44.567585, -123.275230, -114.093437
<imu>: <gyro>: 0.0139 0.0003 -0.0122 <accel>: 1.0327 -0.0088 0.0232 
<location>: 44.567585, -123.275246, -113.933128
<location>: 44.567585, -123.275246, -113.920296
<location>: 44.567585, -123.275246, -113.966141
<location>: 44.567585, -123.275246, -113.887344
<location>: 44.567585, -123.275246, -113.929550
<imu>: <gyro>: 0.0053 -0.0050 -0.0228 <accel>: 1.0183 0.0258 0.0112 
<location>: 44.567585, -123.275246, -113.825638
<location>: 44.567585, -123.275246, -113.952614
<location>: 44.567585, -123.275246, -114.139656
<system>: , 0.000000
<attitude>: -0.019 0.019 1.000 0.346 -0.938 0.024 0.938 0.346 0.011 
<location>: 44.567585, -123.275246, -114.164558
<location>: 44.567585, -123.275246, -114.016167
<imu>: <gyro>: 0.0128 -0.0135 -0.0164 <accel>: 0.9807 0.0417 0.0034 
<location>: 44.567585, -123.275246, -114.071419
<location>: 44.567585, -123.275246, -113.873116
<location>: 44.567585, -123.275246, -113.912903
<location>: 44.567585, -123.275246, -114.000450
<imu>: <gyro>: 0.0064 -0.0039 -0.0185 <accel>: 1.0031 0.0547 0.0264 
<location>: 44.567585, -123.275246, -113.992165
<location>: 44.567585, -123.275246, -114.041939
<location>: 44.567585, -123.275246, -114.063766
<location>: 44.567585, -123.275246, -114.151482
<system>: , 0.000000
<attitude>: -0.021 0.021 1.000 0.348 -0.937 0.027 0.937 0.348 0.012 
<location>: 44.567585, -123.275246, -114.059807
<imu>: <gyro>: 0.0085 -0.0028 -0.0122 <accel>: 1.0026 0.0522 0.0090 
<location>: 44.567585, -123.275246, -113.950546
<location>: 44.567585, -123.275246, -114.210686
<location>: 44.567585, -123.275246, -114.338455
<location>: 44.567585, -123.275246, -114.226715
<location>: 44.567585, -123.275246, -114.116539
<imu>: <gyro>: 0.0085 -0.0071 -0.0132 <accel>: 0.9936 -0.0208 -0.0120 
<location>: 44.567585, -123.275246, -114.068832
<location>: 44.567585, -123.275246, -114.122078
<location>: 44.567585, -123.275246, -114.165047
<location>: 44.567585, -123.275246, -114.192924
<system>: , 0.000000
<attitude>: -0.023 0.019 1.000 0.350 -0.936 0.026 0.936 0.351 0.015 
<location>: 44.567585, -123.275246, -114.131554
<imu>: <gyro>: 0.0128 -0.0060 -0.0100 <accel>: 0.9794 0.0307 0.0073 
<location>: 44.567585, -123.275246, -114.161560
<location>: 44.567585, -123.275246, -113.916069
<location>: 44.567585, -123.275246, -113.926682
<location>: 44.567585, -123.275246, -113.855110
<location>: 44.567585, -123.275246, -113.980385
<imu>: <gyro>: 0.0085 -0.0028 -0.0153 <accel>: 0.9951 0.0337 0.0225 
<location>: 44.567585, -123.275246, -113.972420
<location>: 44.567585, -123.275246, -113.924706
<location>: 44.567585, -123.275246, -113.832108
<system>: , 0.000000
<attitude>: -0.021 0.016 1.000 0.352 -0.936 0.022 0.936 0.353 0.014 
<location>: 44.567585, -123.275246, -113.710220
<imu>: <gyro>: 0.0128 -0.0039 -0.0153 <accel>: 0.9939 0.0112 0.0313 
<location>: 44.567585, -123.275246, -113.771492
<location>: 44.567585, -123.275246, -113.734238
<location>: 44.567585, -123.275246, -113.823364
<location>: 44.567585, -123.275246, -113.832977
<location>: 44.567585, -123.275246, -113.948250
<imu>: <gyro>: 0.0096 -0.0071 -0.0143 <accel>: 1.0319 0.0368 0.0149 
<location>: 44.567585, -123.275246, -114.269417
<location>: 44.567585, -123.275246, -114.280182
<location>: 44.567585, -123.275246, -114.187645
<location>: 44.567585, -123.275246, -113.959496
<system>: , 0.000000
<attitude>: -0.019 0.017 1.000 0.354 -0.935 0.023 0.935 0.355 0.012 
<location>: 44.567585, -123.275246, -113.654762
<imu>: <gyro>: 0.0117 -0.0092 -0.0143 <accel>: 1.0000 0.0319 0.0169 
<location>: 44.567585, -123.275246, -113.729492
<location>: 44.567585, -123.275246, -113.992790
<location>: 44.567585, -123.275246, -113.926033
<location>: 44.567585, -123.275246, -113.953186
<location>: 44.567585, -123.275246, -113.872505
<imu>: <gyro>: 0.0149 -0.0082 -0.0239 <accel>: 1.0217 0.0195 0.0330 
<location>: 44.567585, -123.275246, -113.828079
<location>: 44.567585, -123.275246, -113.856300
<location>: 44.567585, -123.275246, -113.861931
<system>: , 0.000000
<attitude>: -0.020 0.019 1.000 0.356 -0.934 0.025 0.934 0.357 0.012 
<location>: 44.567585, -123.275246, -113.891975
<location>: 44.567585, -123.275246, -113.910774
<imu>: <gyro>: 0.0053 -0.0028 -0.0217 <accel>: 1.0124 0.0517 0.0210 
<location>: 44.567585, -123.275246, -113.848083
<location>: 44.567585, -123.275246, -113.836838
<location>: 44.567585, -123.275246, -113.764908
<location>: 44.567585, -123.275246, -113.731842
<imu>: <gyro>: 0.0149 -0.0103 -0.0185 <accel>: 1.0163 0.0129 0.0320 
<location>: 44.567585, -123.275246, -113.846008
<location>: 44.567585, -123.275246, -113.862938
<location>: 44.567585, -123.275246, -113.873848
<location>: 44.567585, -123.275246, -113.937073
<system>: , 0.000000
<attitude>: -0.020 0.020 1.000 0.359 -0.933 0.026 0.933 0.359 0.011 
<location>: 44.567585, -123.275246, -113.851845
<imu>: <gyro>: 0.0139 -0.0028 -0.0079 <accel>: 1.0793 -0.0603 -0.0420 
<location>: 44.567585, -123.275246, -113.670792
<location>: 44.567585, -123.275246, -113.516205
<location>: 44.567585, -123.275246, -113.802399
<location>: 44.567585, -123.275246, -113.805603
<location>: 44.567585, -123.275246, -113.904472
<imu>: <gyro>: 0.0139 -0.0092 -0.0271 <accel>: 1.0293 0.0083 0.0088 
<location>: 44.567585, -123.275246, -113.900963
<location>: 44.567585, -123.275246, -114.011780
<location>: 44.567585, -123.275246, -114.037598
<system>: , 0.000000
<attitude>: -0.023 0.019 1.000 0.361 -0.932 0.026 0.932 0.361 0.015 
<location>: 44.567585, -123.275246, -113.869598
<location>: 44.567585, -123.275246, -113.770042
<imu>: <gyro>: 0.0075 -0.0050 -0.0122 <accel>: 1.0214 0.0190 0.0056 
<location>: 44.567585, -123.275246, -113.751717
<location>: 44.567585, -123.275246, -113.954102
<location>: 44.567585, -123.275246, -114.009399
<location>: 44.567585, -123.275246, -114.141716
<location>: 44.567585, -123.275246, -114.325417
<imu>: <gyro>: 0.0107 -0.0092 -0.0196 <accel>: 1.0332 -0.0237 0.0227 
<location>: 44.567585, -123.275246, -114.358009
<location>: 44.567585, -123.275246, -113.975174
<location>: 44.567585, -123.275246, -113.901604
<system>: , 0.000000
<attitude>: -0.021 0.017 1.000 0.363 -0.932 0.023 0.932 0.363 0.014 
<location>: 44.567585, -123.275246, -113.957718
<imu>: <gyro>: 0.0139 -0.0018 -0.0132 <accel>: 1.0253 0.0146 0.0283 
<location>: 44.567585, -123.275246, -113.756233
<location>: 44.567585, -123.275246, -113.801834
<location>: 44.567585, -123.275246, -114.028793
<location>: 44.567585, -123.275246, -113.876938
<location>: 44.567585, -123.275246, -113.679840
<imu>: <gyro>: 0.0043 -0.0050 -0.0164 <accel>: 1.0197 0.0080 0.0269 
<location>: 44.567585, -123.275246, -113.898987
<location>: 44.567585, -123.275246, -113.832237
<location>: 44.567585, -123.275246, -113.811974
<location>: 44.567585, -123.275246, -113.859001
<system>: , 0.000000
<attitude>: -0.018 0.015 1.000 0.365 -0.931 0.021 0.931 0.365 0.011 
<location>: 44.567585, -123.275246, -113.989365
<imu>: <gyro>: 0.0139 -0.0082 -0.0100 <accel>: 1.0004 0.0156 0.0112 
<location>: 44.567585, -123.275246, -114.160362
<location>: 44.567585, -123.275246, -114.253967
<location>: 44.567585, -123.275246, -114.237869
<location>: 44.567585, -123.275246, -114.428360
<location>: 44.567585, -123.275246, -114.278145
<imu>: <gyro>: 0.0096 -0.0071 0.0006 <accel>: 1.0190 0.0061 0.0078 
<location>: 44.567585, -123.275246, -114.381134
<location>: 44.567585, -123.275246, -114.509743
<location>: 44.567585, -123.275246, -114.284447
<system>: , 0.000000
<attitude>: -0.018 0.019 1.000 0.367 -0.930 0.025 0.930 0.367 0.010 
<location>: 44.567585, -123.275246, -114.069817
<location>: 44.567585, -123.275246, -114.085983
<imu>: <gyro>: 0.0160 -0.0092 -0.0111 <accel>: 0.9941 0.0608 0.0332 
<location>: 44.567585, -123.275246, -114.167572
<location>: 44.567585, -123.275246, -114.084579
<location>: 44.567585, -123.275246, -114.033691
<location>: 44.567585, -123.275246, -114.142410
<location>: 44.567585, -123.275246, -114.009026
<imu>: <gyro>: 0.0128 -0.0007 -0.0185 <accel>: 1.0073 0.0171 0.0271 
<location>: 44.567585, -123.275246, -114.012016
<location>: 44.567585, -123.275246, -114.151688
<location>: 44.567585, -123.275246, -114.115906
<system>: , 0.000000
<attitude>: -0.020 0.019 1.000 0.369 -0.929 0.025 0.929 0.370 0.012 
<location>: 44.567585, -123.275246, -114.309326
<imu>: <gyro>: 0.0107 -0.0039 -0.0132 <accel>: 0.9995 0.0322 0.0108 
<location>: 44.567585, -123.275246, -114.295570
<location>: 44.567585, -123.275246, -114.216637
<location>: 44.567585, -123.275246, -114.194946
<location>: 44.567585, -123.275246, -114.098152
<location>: 44.567585, -123.275246, -113.980293
<imu>: <gyro>: 0.0128 -0.0092 -0.0132 <accel>: 0.9814 -0.0020 -0.0041 
<location>: 44.567585, -123.275246, -113.888718
<location>: 44.567585, -123.275246, -113.859856
<location>: 44.567585, -123.275246, -114.093102
<system>: , 0.000000
<attitude>: -0.019 0.019 1.000 0.371 -0.928 0.025 0.928 0.372 0.011 
<location>: 44.567585, -123.275246, -114.208290
<location>: 44.567585, -123.275246, -114.277863
<imu>: <gyro>: 0.0032 -0.0060 -0.0175 <accel>: 1.0485 0.0188 -0.0149 
<location>: 44.567585, -123.275246, -114.430031
<location>: 44.567585, -123.275246, -114.084633
<location>: 44.567585, -123.275246, -114.188057
<location>: 44.567585, -123.275246, -114.231903
<location>: 44.567585, -123.275246, -114.161629
<imu>: <gyro>: 0.0085 -0.0060 -0.0153 <accel>: 0.9953 0.0402 0.0181 
<location>: 44.567585, -123.275246, -114.192368
<location>: 44.567585, -123.275246, -114.272949
<location>: 44.567585, -123.275246, -114.400024
<system>: , 0.000000
<attitude>: -0.017 0.018 1.000 0.374 -0.927 0.023 0.927 0.374 0.009 
<location>: 44.567585, -123.275246, -114.201828
<location>: 44.567585, -123.275246, -114.179916
<imu>: <gyro>: 0.0064 -0.0092 -0.0100 <accel>: 1.0073 -0.0061 0.0081 
<location>: 44.567585, -123.275246, -114.071899
<location>: 44.567585, -123.275246, -113.873260
<location>: 44.567585, -123.275246, -113.882393
<location>: 44.567585, -123.275246, -114.005783
<imu>: <gyro>: 0.0107 -0.0071 -0.0143 <accel>: 1.0295 0.0402 0.0357 
<location>: 44.567585, -123.275246, -114.135132
<location>: 44.567585, -123.275246, -114.146645
<location>: 44.567585, -123.275246, -114.262680
<system>: , 0.000000
<attitude>: -0.020 0.021 1.000 0.376 -0.926 0.027 0.927 0.376 0.010 
<location>: 44.567585, -123.275246, -114.005753
<location>: 44.567585, -123.275246, -113.944412
<imu>: <gyro>: 0.0160 0.0003 -0.0239 <accel>: 1.0129 -0.0137 -0.0110 
<location>: 44.567585, -123.275246, -114.184982
<location>: 44.567585, -123.275246, -114.435814
<location>: 44.567585, -123.275246, -114.253700
<location>: 44.567585, -123.275246, -114.106064
<location>: 44.567585, -123.275246, -114.349930
<imu>: <gyro>: 0.0096 -0.0050 -0.0164 <accel>: 0.9563 0.0017 -0.0364 
<location>: 44.567585, -123.275246, -114.341431
<location>: 44.567585, -123.275246, -114.491989
<location>: 44.567585, -123.275246, -114.441673
<system>: , 0.000000
<attitude>: -0.021 0.020 1.000 0.378 -0.926 0.026 0.926 0.378 0.011 
<location>: 44.567585, -123.275246, -114.301842
<location>: 44.567585, -123.275246, -114.206757
<imu>: <gyro>: 0.0149 -0.0050 -0.0015 <accel>: 0.9924 0.0117 0.0169 
<location>: 44.567585, -123.275246, -114.133270
<location>: 44.567585, -123.275246, -114.092194
<location>: 44.567585, -123.275246, -114.293800
<location>: 44.567585, -123.275246, -114.269043
<location>: 44.567585, -123.275246, -114.105286
<imu>: <gyro>: 0.0064 -0.0103 -0.0090 <accel>: 0.9963 0.0283 -0.0012 
<location>: 44.567585, -123.275246, -113.883362
<location>: 44.567585, -123.275246, -114.090179
<location>: 44.567585, -123.275246, -114.021355
<system>: , 0.000000
<attitude>: -0.021 0.022 1.000 0.380 -0.925 0.029 0.925 0.380 0.011 
<location>: 44.567585, -123.275246, -113.940483
<imu>: <gyro>: 0.0107 -0.0092 -0.0239 <accel>: 0.9846 0.0461 0.0274 
<location>: 44.567585, -123.275246, -114.000526
<location>: 44.567585, -123.275246, -114.133423
<location>: 44.567585, -123.275246, -114.001587
<location>: 44.567585, -123.275246, -114.126518
<location>: 44.567585, -123.275246, -114.200760
<imu>: <gyro>: 0.0128 -0.0050 -0.0153 <accel>: 1.0114 0.0337 0.0115 
<location>: 44.567585, -123.275246, -114.235847
<location>: 44.567585, -123.275246, -114.056107
<location>: 44.567585, -123.275246, -114.094086
<system>: , 0.000000
<attitude>: -0.019 0.021 1.000 0.382 -0.924 0.027 0.924 0.382 0.010 
<location>: 44.567585, -123.275246, -114.120140
<location>: 44.567585, -123.275246, -114.129005
<imu>: <gyro>: 0.0107 -0.0146 -0.0111 <accel>: 1.0319 0.0476 -0.0088 
<location>: 44.567585, -123.275246, -114.103935
<location>: 44.567585, -123.275246, -114.134926
<location>: 44.567585, -123.275246, -114.150139
<location>: 44.567585, -123.275246, -114.109528
<location>: 44.567585, -123.275246, -114.065437
<imu>: <gyro>: 0.0128 -0.0092 -0.0004 <accel>: 1.0087 0.0256 0.0327 
<location>: 44.567585, -123.275246, -114.145004
<location>: 44.567585, -123.275246, -114.065872
<location>: 44.567585, -123.275246, -114.034157
<system>: , 0.000000
<attitude>: -0.018 0.017 1.000 0.384 -0.923 0.023 0.923 0.385 0.010 
<location>: 44.567585, -123.275246, -114.069664
<location>: 44.567585, -123.275246, -114.296272
<imu>: <gyro>: 0.0139 -0.0050 -0.0132 <accel>: 0.9841 0.0329 -0.0085 
<location>: 44.567585, -123.275246, -114.094933
<location>: 44.567585, -123.275246, -114.128845
<location>: 44.567585, -123.275246, -114.149918
<location>: 44.567585, -123.275246, -113.913803
<imu>: <gyro>: 0.0107 -0.0082 -0.0111 <accel>: 1.0173 0.0312 0.0213 
<location>: 44.567585, -123.275246, -113.935715
<location>: 44.567585, -123.275246, -113.893883
<location>: 44.567585, -123.275246, -113.802086
<system>: , 0.000000
<attitude>: -0.019 0.016 1.000 0.386 -0.922 0.022 0.922 0.387 0.012 
<location>: 44.567585, -123.275246, -114.101082
<location>: 44.567585, -123.275246, -114.207535
<imu>: <gyro>: 0.0107 -0.0039 -0.0185 <accel>: 1.0222 0.0102 0.0144 
<location>: 44.567585, -123.275246, -114.105888
<location>: 44.567585, -123.275246, -114.128662
<location>: 44.567585, -123.275246, -114.037575
<location>: 44.567585, -123.275246, -114.032547
<location>: 44.567585, -123.275246, -114.065613
<imu>: <gyro>: 0.0096 -0.0050 -0.0164 <accel>: 0.9978 0.0151 0.0100 
<location>: 44.567585, -123.275246, -114.181084
<location>: 44.567585, -123.275246, -114.199913
<location>: 44.567585, -123.275246, -114.338486
<system>: , 0.000000
<attitude>: -0.021 0.019 1.000 0.388 -0.921 0.025 0.921 0.389 0.012 
<location>: 44.567585, -123.275246, -114.397842
<location>: 44.567585, -123.275246, -114.390968
<imu>: <gyro>: 0.0128 -0.0060 -0.0303 <accel>: 0.9926 0.0388 0.0093 
<location>: 44.567585, -123.275246, -114.446457
<location>: 44.567585, -123.275246, -114.308723
<location>: 44.567585, -123.275246, -114.565804
<location>: 44.567585, -123.275246, -114.498215
<location>: 44.567585, -123.275246, -114.602173
<imu>: <gyro>: 0.0128 -0.0050 -0.0228 <accel>: 1.0227 0.0097 0.0339 
<location>: 44.567585, -123.275246, -114.518890
<location>: 44.567585, -123.275246, -114.180855
<system>: , 0.000000
<attitude>: -0.023 0.022 0.999 0.390 -0.920 0.029 0.920 0.391 0.012 
<location>: 44.567585, -123.275246, -114.248611
<location>: 44.567585, -123.275246, -114.361572
<location>: 44.567585, -123.275246, -114.258148
<imu>: <gyro>: 0.0107 -0.0082 -0.0196 <accel>: 1.0295 -0.0257 0.0259 
<location>: 44.567585, -123.275246, -114.201378
<location>: 44.567585, -123.275246, -114.229378
<location>: 44.567585, -123.275246, -114.209167
<location>: 44.567585, -123.275246, -114.285164
<imu>: <gyro>: 0.0149 -0.0092 -0.0090 <accel>: 0.9509 -0.0249 -0.0144 
<location>: 44.567585, -123.275246, -114.436523
<location>: 44.567585, -123.275246, -114.596832
<location>: 44.567585, -123.275246, -114.670128
<system>: , 0.000000
<attitude>: -0.019 0.018 1.000 0.393 -0.919 0.024 0.920 0.393 0.010 
<location>: 44.567585, -123.275246, -114.645241
<location>: 44.567585, -123.275246, -114.666855
<imu>: <gyro>: 0.0075 -0.0060 -0.0175 <accel>: 1.0153 0.0161 0.0271 
<location>: 44.567585, -123.275246, -114.366035
<location>: 44.567585, -123.275246, -114.056816
<location>: 44.567585, -123.275246, -114.095230
<location>: 44.567585, -123.275246, -114.031700
<location>: 44.567585, -123.275246, -113.910675
<imu>: <gyro>: 0.0128 -0.0007 -0.0228 <accel>: 0.9755 0.0547 -0.0068 
<location>: 44.567585, -123.275246, -113.798805
<location>: 44.567585, -123.275246, -114.090271
<location>: 44.567585, -123.275246, -114.201462
<system>: , 0.000000
<attitude>: -0.020 0.022 1.000 0.395 -0.918 0.028 0.919 0.395 0.009 
<location>: 44.567585, -123.275246, -114.195190
<location>: 44.567585, -123.275246, -114.153183
<imu>: <gyro>: 0.0096 -0.0050 -0.0175 <accel>: 1.0127 -0.0017 0.0034 
<location>: 44.567585, -123.275246, -113.854706
<location>: 44.567585, -123.275246, -113.906631
<location>: 44.567585, -123.275246, -114.057022
<location>: 44.567585, -123.275246, -113.920837
<location>: 44.567585, -123.275246, -113.932930
<imu>: <gyro>: 0.0085 -0.0039 -0.0111 <accel>: 0.9848 0.0124 -0.0056 
<location>: 44.567585, -123.275246, -114.073616
<location>: 44.567585, -123.275246, -114.119949
<system>: , 0.000000
<attitude>: -0.021 0.021 1.000 0.397 -0.918 0.027 0.918 0.397 0.011 
<location>: 44.567585, -123.275246, -114.073692
<location>: 44.567585, -123.275246, -114.073929
<imu>: <gyro>: 0.0149 -0.0050 -0.0196 <accel>: 0.9975 0.0117 -0.0061 
<location>: 44.567585, -123.275246, -114.166756
<location>: 44.567585, -123.275246, -114.151512
<location>: 44.567585, -123.275246, -114.254807
<location>: 44.567585, -123.275246, -114.302544
<location>: 44.567585, -123.275246, -114.166443
<imu>: <gyro>: 0.0117 -0.0039 -0.0164 <accel>: 1.0097 -0.0127 0.0025 
<location>: 44.567585, -123.275246, -114.023193
<location>: 44.567585, -123.275246, -113.901588
<location>: 44.567585, -123.275246, -114.016754
<system>: , 0.000000
<attitude>: -0.020 0.020 1.000 0.399 -0.917 0.027 0.917 0.399 0.010 
<location>: 44.567585, -123.275246, -114.136299
<location>: 44.567585, -123.275246, -114.309029
<imu>: <gyro>: 0.0171 -0.0060 -0.0058 <accel>: 0.9877 0.0456 0.0205 
<location>: 44.567585, -123.275246, -114.071365
<location>: 44.567585, -123.275246, -113.914711
<location>: 44.567585, -123.275246, -114.120628
<location>: 44.567585, -123.275246, -114.296623
<location>: 44.567585, -123.275246, -114.161453
<imu>: <gyro>: 0.0075 0.0035 -0.0228 <accel>: 1.0127 0.0200 -0.0049 
<location>: 44.567585, -123.275246, -114.081642
<location>: 44.567585, -123.275246, -114.141319
<system>: , 0.000000
<attitude>: -0.020 0.020 1.000 0.401 -0.916 0.027 0.916 0.401 0.010 
<location>: 44.567585, -123.275246, -114.226143
<location>: 44.567585, -123.275246, -114.346054
<location>: 44.567585, -123.275246, -114.170181
<imu>: <gyro>: 0.0096 -0.0092 -0.0090 <accel>: 1.0019 0.0366 -0.0005 
<location>: 44.567585, -123.275246, -114.112122
<location>: 44.567585, -123.275246, -114.210991
<location>: 44.567585, -123.275246, -114.417900
<location>: 44.567585, -123.275246, -114.458313
<imu>: <gyro>: 0.0075 -0.0071 -0.0122 <accel>: 1.0036 -0.0022 0.0278 
<location>: 44.567585, -123.275246, -114.423126
<location>: 44.567585, -123.275246, -114.267197
<location>: 44.567585, -123.275246, -114.418007
<system>: , 0.000000
<attitude>: -0.021 0.018 1.000 0.403 -0.915 0.025 0.915 0.404 0.012 
<location>: 44.567585, -123.275246, -114.117676
<location>: 44.567585, -123.275246, -114.074867
<imu>: <gyro>: 0.0117 -0.0092 -0.0143 <accel>: 1.0041 0.0261 0.0191 
<location>: 44.567585, -123.275246, -113.993935
<location>: 44.567585, -123.275246, -113.997818
<location>: 44.567585, -123.275246, -114.166069
<location>: 44.567585, -123.275246, -114.231155
<location>: 44.567585, -123.275246, -114.161018
<imu>: <gyro>: 0.0096 -0.0018 -0.0132 <accel>: 1.0341 0.0044 0.0288 
<location>: 44.567585, -123.275246, -114.376076
<location>: 44.567585, -123.275246, -114.233528
<system>: , 0.000000
<attitude>: -0.019 0.015 1.000 0.406 -0.914 0.022 0.914 0.406 0.012 
<location>: 44.567585, -123.275246, -114.219376
<location>: 44.567585, -123.275246, -114.330902
<location>: 44.567585, -123.275246, -114.290070
<imu>: <gyro>: 0.0075 -0.0028 -0.0271 <accel>: 1.0000 0.0048 0.0173 
<location>: 44.567585, -123.275246, -114.304710
<location>: 44.567585, -123.275246, -114.092728
<location>: 44.567585, -123.275246, -113.890457
<location>: 44.567585, -123.275246, -113.983337
<location>: 44.567585, -123.275246, -114.155388
<imu>: <gyro>: 0.0149 -0.0114 -0.0090 <accel>: 0.9904 0.0151 -0.0022 
<location>: 44.567585, -123.275246, -114.229401
<location>: 44.567585, -123.275246, -114.268280
<system>: , 0.000000
<attitude>: -0.021 0.017 1.000 0.408 -0.913 0.024 0.913 0.408 0.012 
<location>: 44.567577, -123.275246, -114.241165
<location>: 44.567577, -123.275246, -114.189461
<imu>: <gyro>: 0.0064 -0.0028 -0.0036 <accel>: 0.9792 0.0080 -0.0019 
<location>: 44.567577, -123.275246, -113.989616
<location>: 44.567577, -123.275246, -114.056282
<location>: 44.567577, -123.275246, -114.124992
<location>: 44.567577, -123.275246, -114.277496
<location>: 44.567577, -123.275246, -114.545403
<imu>: <gyro>: 0.0160 -0.0018 -0.0164 <accel>: 1.0205 -0.0108 0.0000 
<location>: 44.567577, -123.275246, -114.308876
<location>: 44.567577, -123.275246, -114.239342
<location>: 44.567577, -123.275246, -114.177124
<system>: , 0.000000
<attitude>: -0.021 0.017 1.000 0.410 -0.912 0.024 0.912 0.410 0.013 
<location>: 44.567577, -123.275246, -114.240013
<location>: 44.567577, -123.275246, -114.268677
<imu>: <gyro>: 0.0139 -0.0103 -0.0175 <accel>: 1.0068 0.0197 0.0144 
<location>: 44.567577, -123.275246, -114.214409
<location>: 44.567577, -123.275246, -114.018272
<location>: 44.567577, -123.275246, -113.966049
<location>: 44.567577, -123.275246, -114.127251
<location>: 44.567577, -123.275246, -114.069824
<imu>: <gyro>: 0.0128 -0.0082 -0.0153 <accel>: 1.0427 0.0007 0.0010 
<location>: 44.567577, -123.275246, -113.936195
<location>: 44.567577, -123.275246, -113.916222
<system>: , 0.000000
<attitude>: -0.018 0.017 1.000 0.412 -0.911 0.023 0.911 0.412 0.009 
<location>: 44.567577, -123.275246, -113.968735
<location>: 44.567577, -123.275246, -114.010040
<location>: 44.567577, -123.275246, -113.980751
<imu>: <gyro>: 0.0107 -0.0060 -0.0143 <accel>: 0.9824 0.0136 0.0010 
<location>: 44.567577, -123.275246, -113.964500
<location>: 44.567577, -123.275246, -114.054726
<location>: 44.567577, -123.275246, -114.178268
<location>: 44.567577, -123.275246, -114.001648
<imu>: <gyro>: 0.0085 -0.0082 -0.0122 <accel>: 0.9834 0.0117 0.0222 
<location>: 44.567577, -123.275246, -114.041733
<location>: 44.567577, -123.275246, -113.941811
<location>: 44.567577, -123.275246, -113.965263
<system>: , 0.000000
<attitude>: -0.019 0.017 1.000 0.414 -0.910 0.023 0.910 0.414 0.011 
<location>: 44.567577, -123.275246, -114.240318
<location>: 44.567577, -123.275246, -114.358398
<imu>: <gyro>: 0.0181 -0.0018 -0.0068 <accel>: 1.0017 0.0075 0.0215 
<location>: 44.567577, -123.275246, -114.254341
<location>: 44.567577, -123.275246, -114.362946
<location>: 44.567577, -123.275246, -114.478737
<location>: 44.567577, -123.275246, -114.382500
<location>: 44.567577, -123.275246, -114.252151
<imu>: <gyro>: 0.0149 -0.0146 -0.0239 <accel>: 1.0219 -0.0147 0.0256 
<location>: 44.567577, -123.275246, -114.278122
<location>: 44.567577, -123.275246, -114.189468
<system>: , 0.000000
<attitude>: -0.022 0.018 1.000 0.416 -0.909 0.026 0.909 0.416 0.013 
<location>: 44.567577, -123.275246, -114.516365
<location>: 44.567577, -123.275246, -114.447617
<location>: 44.567577, -123.275246, -114.433594
<imu>: <gyro>: 0.0139 -0.0082 -0.0239 <accel>: 0.9931 0.0276 0.0310 
<location>: 44.567577, -123.275246, -114.234367
<location>: 44.567577, -123.275246, -114.357300
<location>: 44.567577, -123.275246, -114.345718
<location>: 44.567577, -123.275246, -114.137978
<location>: 44.567577, -123.275246, -114.375481
<imu>: <gyro>: 0.0139 -0.0060 -0.0196 <accel>: 0.9650 -0.0393 0.0540 
<location>: 44.567577, -123.275246, -114.444199
<location>: 44.567577, -123.275246, -114.537712
<system>: , 0.000000
<attitude>: -0.021 0.020 1.000 0.418 -0.908 0.028 0.908 0.418 0.011 
<location>: 44.567570, -123.275246, -114.408707
<location>: 44.567570, -123.275246, -114.345772
<imu>: <gyro>: 0.0128 -0.0103 -0.0122 <accel>: 1.0234 0.0114 0.0051 
<location>: 44.567570, -123.275246, -114.375481
<location>: 44.567570, -123.275246, -114.365303
<location>: 44.567570, -123.275246, -114.375252
<location>: 44.567570, -123.275246, -114.284492
<location>: 44.567570, -123.275246, -114.219910
<imu>: <gyro>: 0.0181 -0.0092 -0.0164 <accel>: 1.0356 -0.0162 0.0261 
<location>: 44.567570, -123.275246, -114.143158
<location>: 44.567570, -123.275246, -114.200638
<system>: , 0.000000
<attitude>: -0.021 0.017 1.000 0.420 -0.907 0.024 0.907 0.421 0.011 
<location>: 44.567570, -123.275246, -114.187912
<location>: 44.567570, -123.275246, -114.302544
<location>: 44.567570, -123.275246, -114.224785
<imu>: <gyro>: 0.0096 -0.0050 -0.0143 <accel>: 1.0114 0.0251 0.0171 
<location>: 44.567570, -123.275246, -113.960869
<location>: 44.567570, -123.275246, -113.914108
<location>: 44.567570, -123.275246, -114.267372
<location>: 44.567570, -123.275246, -114.447823
<location>: 44.567570, -123.275246, -114.583687
<imu>: <gyro>: 0.0117 -0.0082 -0.0175 <accel>: 0.9799 0.0459 0.0242 
<location>: 44.567570, -123.275246, -114.508255
<location>: 44.567570, -123.275246, -114.417297
<system>: , 0.000000
<attitude>: -0.021 0.016 1.000 0.422 -0.906 0.024 0.906 0.423 0.012 
<location>: 44.567570, -123.275246, -114.245888
<location>: 44.567570, -123.275246, -114.184326
<location>: 44.567570, -123.275246, -114.072838
<imu>: <gyro>: 0.0053 -0.0060 -0.0100 <accel>: 1.0105 0.0236 0.0318 
<location>: 44.567570, -123.275246, -114.232391
<location>: 44.567570, -123.275246, -114.473747
<location>: 44.567570, -123.275246, -114.458511
<location>: 44.567570, -123.275246, -114.270111
<location>: 44.567570, -123.275246, -114.033066
<imu>: <gyro>: 0.0160 -0.0092 -0.0239 <accel>: 1.0051 0.0144 0.0237 
<location>: 44.567570, -123.275246, -113.972916
<location>: 44.567570, -123.275246, -113.896263
<system>: , 0.000000
<attitude>: -0.022 0.017 1.000 0.424 -0.905 0.025 0.905 0.425 0.013 
<location>: 44.567570, -123.275246, -113.910233
<location>: 44.567570, -123.275246, -114.093513
<imu>: <gyro>: 0.0117 -0.0071 -0.0068 <accel>: 1.0283 0.0393 0.0234 
<location>: 44.567570, -123.275246, -114.240852
<location>: 44.567570, -123.275246, -114.064964
<location>: 44.567570, -123.275246, -113.871964
<location>: 44.567570, -123.275246, -113.896240
<location>: 44.567570, -123.275246, -113.992332
<imu>: <gyro>: 0.0053 -0.0092 -0.0249 <accel>: 1.0056 0.0039 0.0217 
<location>: 44.567570, -123.275246, -113.832169
<location>: 44.567570, -123.275246, -113.808784
<system>: , 0.000000
<attitude>: -0.022 0.017 1.000 0.426 -0.904 0.025 0.904 0.427 0.012 
<location>: 44.567570, -123.275246, -113.922974
<location>: 44.567570, -123.275246, -114.030785
<location>: 44.567570, -123.275246, -114.138420
<imu>: <gyro>: 0.0139 -0.0050 -0.0175 <accel>: 1.0024 0.0197 0.0005 
<location>: 44.567570, -123.275246, -114.273956
<location>: 44.567570, -123.275246, -114.470703
<location>: 44.567570, -123.275246, -114.502960
<location>: 44.567570, -123.275246, -114.336067
<location>: 44.567570, -123.275246, -114.141640
<imu>: <gyro>: 0.0085 -0.0071 -0.0122 <accel>: 0.9921 0.0297 0.0076 
<location>: 44.567570, -123.275246, -114.066681
<location>: 44.567570, -123.275246, -113.949890
<system>: , 0.000000
<attitude>: -0.023 0.018 1.000 0.428 -0.903 0.026 0.903 0.429 0.013 
<location>: 44.567562, -123.275246, -113.823288
<location>: 44.567562, -123.275246, -114.069061
<location>: 44.567562, -123.275246, -114.164833
<imu>: <gyro>: 0.0096 -0.0092 -0.0090 <accel>: 0.9858 0.0454 -0.0039 
<location>: 44.567562, -123.275246, -114.070557
<location>: 44.567562, -123.275246, -114.126419
<location>: 44.567562, -123.275246, -114.342018
<location>: 44.567562, -123.275246, -114.520721
<imu>: <gyro>: 0.0117 -0.0114 -0.0175 <accel>: 0.9792 -0.0323 -0.0078 
<location>: 44.567562, -123.275246, -114.238411
<location>: 44.567562, -123.275246, -114.488953
<system>: , 0.000000
<attitude>: -0.022 0.019 1.000 0.431 -0.902 0.026 0.902 0.431 0.011 
<location>: 44.567562, -123.275246, -114.144318
<location>: 44.567562, -123.275246, -114.050949
<location>: 44.567562, -123.275246, -113.998352
<imu>: <gyro>: 0.0139 -0.0060 -0.0217 <accel>: 0.9780 0.0190 0.0208 
<location>: 44.567562, -123.275246, -113.924484
<location>: 44.567562, -123.275246, -114.154518
<location>: 44.567562, -123.275246, -114.098679
<location>: 44.567562, -123.275246, -114.113571
<location>: 44.567562, -123.275246, -114.416885
<imu>: <gyro>: 0.0128 -0.0124 -0.0164 <accel>: 0.9409 0.0427 -0.0210 
<location>: 44.567562, -123.275246, -114.645828
<location>: 44.567562, -123.275246, -114.827156
<system>: , 0.000000
<attitude>: -0.023 0.019 1.000 0.433 -0.901 0.027 0.901 0.433 0.013 
<location>: 44.567562, -123.275246, -114.810982
<location>: 44.567562, -123.275246, -114.519814
<location>: 44.567562, -123.275246, -114.420135
<imu>: <gyro>: 0.0117 -0.0028 -0.0036 <accel>: 0.9873 0.0200 0.0061 
<location>: 44.567562, -123.275246, -114.174492
<location>: 44.567562, -123.275246, -114.307152
<location>: 44.567562, -123.275246, -114.357933
<location>: 44.567562, -123.275246, -114.526184
<location>: 44.567562, -123.275246, -114.146347
<imu>: <gyro>: 0.0149 -0.0082 -0.0153 <accel>: 1.0224 0.0207 0.0078 
<location>: 44.567562, -123.275246, -114.389168
<system>: , 0.000000
<attitude>: -0.022 0.017 1.000 0.435 -0.900 0.025 0.900 0.435 0.012 
<location>: 44.567562, -123.275246, -114.332283
<location>: 44.567562, -123.275246, -114.493362
<location>: 44.567562, -123.275246, -114.386124
<imu>: <gyro>: 0.0043 -0.0018 -0.0143 <accel>: 1.0124 0.0188 -0.0127 
<location>: 44.567562, -123.275246, -114.060898
<location>: 44.567562, -123.275246, -114.080864
<location>: 44.567562, -123.275246, -114.133217
<location>: 44.567562, -123.275246, -114.379227
<location>: 44.567562, -123.275246, -114.381798
<imu>: <gyro>: 0.0085 -0.0082 -0.0068 <accel>: 1.0048 0.0525 0.0066 
<location>: 44.567562, -123.275246, -114.203712
<location>: 44.567562, -123.275246, -114.119850
<system>: , 0.000000
<attitude>: -0.020 0.017 1.000 0.437 -0.899 0.024 0.899 0.437 0.010 
<location>: 44.567562, -123.275246, -114.073097
<location>: 44.567562, -123.275246, -113.947578
<location>: 44.567562, -123.275246, -114.044510
<imu>: <gyro>: 0.0096 -0.0082 -0.0164 <accel>: 0.9897 0.0427 0.0171 
<location>: 44.567562, -123.275246, -114.203766
<location>: 44.567562, -123.275246, -114.066109
<location>: 44.567562, -123.275246, -113.750771
<location>: 44.567562, -123.275246, -113.763138
<location>: 44.567562, -123.275246, -113.761200
<imu>: <gyro>: 0.0117 -0.0018 -0.0175 <accel>: 1.0017 0.0544 -0.0254 
<location>: 44.567562, -123.275246, -113.843102
<system>: , 0.000000
<location>: 44.567554, -123.275246, -113.866058
<attitude>: -0.020 0.017 1.000 0.439 -0.898 0.024 0.898 0.439 0.011 
<location>: 44.567554, -123.275246, -114.041260
<location>: 44.567554, -123.275246, -114.019691
<location>: 44.567554, -123.275246, -113.919342
<imu>: <gyro>: 0.0171 -0.0092 -0.0239 <accel>: 1.0056 0.0261 0.0056 
<location>: 44.567554, -123.275246, -114.038765
<location>: 44.567554, -123.275246, -114.078644
<location>: 44.567554, -123.275246, -113.888573
<location>: 44.567554, -123.275246, -113.898567
<imu>: <gyro>: 0.0128 -0.0028 -0.0122 <accel>: 0.9587 0.0522 0.0015 
<location>: 44.567554, -123.275246, -113.980621
<location>: 44.567554, -123.275246, -114.156204
<system>: , 0.000000
<attitude>: -0.022 0.019 1.000 0.441 -0.897 0.027 0.897 0.441 0.011 
<location>: 44.567554, -123.275246, -114.279716
<location>: 44.567554, -123.275246, -114.421577
<location>: 44.567554, -123.275246, -114.364792
<imu>: <gyro>: 0.0139 -0.0060 -0.0132 <accel>: 0.9909 0.0188 0.0068 
<location>: 44.567554, -123.275246, -114.154602
<location>: 44.567554, -123.275246, -114.129456
<location>: 44.567554, -123.275246, -114.173164
<location>: 44.567554, -123.275246, -114.126640
<location>: 44.567554, -123.275246, -114.193253
<imu>: <gyro>: 0.0117 -0.0028 -0.0143 <accel>: 0.9973 0.0251 0.0083 
<location>: 44.567554, -123.275246, -114.219200
<location>: 44.567554, -123.275246, -113.938744
<system>: , 0.000000
<attitude>: -0.022 0.018 1.000 0.443 -0.896 0.026 0.896 0.443 0.012 
<location>: 44.567554, -123.275246, -114.163200
<location>: 44.567554, -123.275246, -114.293045
<location>: 44.567554, -123.275246, -114.468880
<imu>: <gyro>: 0.0117 -0.0050 -0.0217 <accel>: 0.9790 -0.0223 0.0437 
<location>: 44.567554, -123.275246, -114.367615
<location>: 44.567554, -123.275246, -114.285004
<location>: 44.567554, -123.275246, -113.997772
<location>: 44.567554, -123.275246, -114.162384
<location>: 44.567554, -123.275246, -114.408554
<imu>: <gyro>: 0.0160 -0.0082 -0.0132 <accel>: 0.9768 0.0112 0.0017 
<location>: 44.567554, -123.275246, -114.386230
<system>: , 0.000000
<attitude>: -0.021 0.018 1.000 0.445 -0.895 0.025 0.895 0.445 0.011 
<location>: 44.567554, -123.275246, -114.382378
<location>: 44.567554, -123.275246, -114.247086
<location>: 44.567554, -123.275246, -114.204987
<imu>: <gyro>: 0.0096 -0.0060 -0.0132 <accel>: 0.9567 0.0268 0.0679 
<location>: 44.567554, -123.275246, -114.088448
<location>: 44.567554, -123.275246, -114.011192
<location>: 44.567554, -123.275246, -114.029854
<location>: 44.567554, -123.275246, -114.102119
<location>: 44.567554, -123.275246, -113.900551
<imu>: <gyro>: 0.0160 -0.0028 -0.0079 <accel>: 0.9680 -0.0086 0.0410 
<location>: 44.567554, -123.275246, -114.273376
<location>: 44.567554, -123.275246, -114.479889
<system>: , 0.000000
<attitude>: -0.022 0.018 1.000 0.447 -0.894 0.026 0.894 0.447 0.011 
<location>: 44.567554, -123.275246, -114.358932
<location>: 44.567554, -123.275246, -114.462860
<location>: 44.567554, -123.275246, -114.464241
<imu>: <gyro>: 0.0160 -0.0114 -0.0132 <accel>: 0.9956 0.0359 0.0234 
<location>: 44.567554, -123.275246, -114.500282
<location>: 44.567554, -123.275246, -114.428276
<location>: 44.567554, -123.275246, -114.302650
<location>: 44.567554, -123.275246, -114.319237
<location>: 44.567554, -123.275246, -114.379494
<imu>: <gyro>: 0.0128 -0.0007 -0.0143 <accel>: 0.9875 0.0373 0.0186 
<location>: 44.567554, -123.275246, -114.317535
<system>: , 0.000000
<attitude>: -0.019 0.017 1.000 0.449 -0.893 0.024 0.893 0.450 0.009 
<location>: 44.567547, -123.275246, -114.265701
<location>: 44.567547, -123.275246, -114.367035
<location>: 44.567547, -123.275246, -114.328995
<location>: 44.567547, -123.275246, -114.307930
<imu>: <gyro>: 0.0096 -0.0028 -0.0143 <accel>: 1.0192 0.0171 0.0225 
<location>: 44.567547, -123.275246, -114.427116
<location>: 44.567547, -123.275246, -114.370789
<location>: 44.567547, -123.275246, -114.347221
<location>: 44.567547, -123.275246, -114.323723
<location>: 44.567547, -123.275246, -114.485130
<imu>: <gyro>: 0.0128 -0.0071 -0.0122 <accel>: 0.9956 0.0246 0.0110 
<location>: 44.567547, -123.275246, -114.371155
<system>: , 0.000000
<attitude>: -0.021 0.013 1.000 0.451 -0.892 0.021 0.892 0.452 0.013 
<location>: 44.567547, -123.275246, -114.109863
<location>: 44.567547, -123.275246, -113.919121
<location>: 44.567547, -123.275246, -114.071732
<imu>: <gyro>: 0.0139 -0.0135 -0.0164 <accel>: 1.0170 0.0136 -0.0183 
<location>: 44.567547, -123.275246, -113.969238
<location>: 44.567547, -123.275246, -113.944992
<location>: 44.567547, -123.275246, -114.119476
<location>: 44.567547, -123.275246, -114.416328
<location>: 44.567547, -123.275246, -114.336235
<imu>: <gyro>: 0.0107 -0.0092 -0.0164 <accel>: 1.0188 0.0522 0.0300 
<location>: 44.567547, -123.275246, -114.258553
<system>: , 0.000000
<location>: 44.567547, -123.275246, -114.300476
<attitude>: -0.023 0.015 1.000 0.453 -0.891 0.024 0.891 0.454 0.013 
<location>: 44.567547, -123.275246, -114.356949
<location>: 44.567547, -123.275246, -114.246559
<location>: 44.567547, -123.275246, -114.173294
<imu>: <gyro>: 0.0128 -0.0050 -0.0217 <accel>: 1.0134 0.0134 -0.0005 
<location>: 44.567547, -123.275246, -114.088387
<location>: 44.567547, -123.275246, -114.171936
<location>: 44.567547, -123.275246, -113.895447
<location>: 44.567547, -123.275246, -113.701584
<location>: 44.567547, -123.275246, -114.023048
<imu>: <gyro>: 0.0117 -0.0082 -0.0207 <accel>: 1.0754 -0.0149 0.0425 
<location>: 44.567547, -123.275246, -114.158112
<system>: , 0.000000
<attitude>: -0.021 0.016 1.000 0.455 -0.890 0.024 0.890 0.456 0.011 
<location>: 44.567547, -123.275246, -114.413361
<location>: 44.567547, -123.275246, -114.091209
<location>: 44.567547, -123.275246, -114.122124
<location>: 44.567547, -123.275246, -114.144768
<imu>: <gyro>: 0.0139 -0.0167 -0.0111 <accel>: 0.9760 0.0476 0.0134 
<location>: 44.567547, -123.275246, -114.197762
<location>: 44.567547, -123.275246, -114.287727
<location>: 44.567547, -123.275246, -114.304970
<location>: 44.567547, -123.275246, -114.204216
<imu>: <gyro>: 0.0128 -0.0082 -0.0196 <accel>: 1.0285 0.0293 0.0090 
<location>: 44.567547, -123.275246, -114.334007
<location>: 44.567547, -123.275246, -114.520416
<system>: , 0.000000
<attitude>: -0.023 0.020 1.000 0.457 -0.889 0.028 0.889 0.458 0.011 
<location>: 44.567547, -123.275246, -114.440971
<location>: 44.567547, -123.275246, -114.454292
<location>: 44.567547, -123.275246, -114.278206
<imu>: <gyro>: 0.0075 -0.0071 -0.0090 <accel>: 1.0063 -0.0027 -0.0254 
<location>: 44.567547, -123.275246, -114.156097
<location>: 44.567547, -123.275246, -114.154594
<location>: 44.567547, -123.275246, -114.189407
<location>: 44.567547, -123.275246, -114.224152
<location>: 44.567547, -123.275246, -113.959412
<imu>: <gyro>: 0.0075 -0.0092 -0.0100 <accel>: 0.9785 0.0073 0.0337 
<location>: 44.567539, -123.275261, -113.861984
<system>: , 0.000000
<attitude>: -0.022 0.017 1.000 0.459 -0.888 0.025 0.888 0.460 0.012 
<location>: 44.567539, -123.275261, -113.854103
<location>: 44.567539, -123.275261, -113.717758
<location>: 44.567539, -123.275261, -113.925247
<location>: 44.567539, -123.275261, -113.961464
<imu>: <gyro>: 0.0085 -0.0039 -0.0196 <accel>: 1.0441 0.0654 -0.0156 
<location>: 44.567539, -123.275261, -114.051147
<location>: 44.567539, -123.275261, -113.990150
<location>: 44.567539, -123.275261, -113.932877
<location>: 44.567539, -123.275261, -113.790154
<location>: 44.567539, -123.275261, -113.966766
<imu>: <gyro>: 0.0085 -0.0082 -0.0175 <accel>: 1.0019 0.0317 0.0303 
<location>: 44.567539, -123.275261, -114.196053
<system>: , 0.000000
<attitude>: -0.023 0.018 1.000 0.461 -0.887 0.026 0.887 0.462 0.012 
<location>: 44.567539, -123.275261, -114.298660
<location>: 44.567539, -123.275261, -114.046577
<location>: 44.567539, -123.275261, -114.047852
<imu>: <gyro>: 0.0085 -0.0060 -0.0111 <accel>: 0.9951 0.0478 0.0064 
<location>: 44.567539, -123.275261, -114.176849
<location>: 44.567539, -123.275261, -114.038788
<location>: 44.567539, -123.275261, -113.855507
<location>: 44.567539, -123.275261, -113.606224
<location>: 44.567539, -123.275261, -113.677078
<imu>: <gyro>: 0.0128 -0.0060 -0.0122 <accel>: 1.0004 0.0202 0.0151 
<location>: 44.567539, -123.275261, -113.870079
<system>: , 0.000000
