<location>: 18.250000, 0.000000, -30974.142578
<attitude>: 0.021325 -0.026148 0.999431 -0.146598 0.988771 0.028997 -0.988966 -0.147132 0.017252 
<system>: , 0.000000
<location>: 18.250000, 0.000000, -30760.513672
<location>: 18.250000, 0.000000, -30995.044922
<imu>: <gyro>: 0.0107 -0.0146 -0.0090 <accel>: 0.9668 0.0905 -0.0056 
<location>: 18.250000, 0.000000, -31506.445312
<location>: 18.250000, 0.000000, -31873.302734
<location>: 18.250000, 0.000000, -32339.212891
<location>: 18.250000, 0.000000, -31571.167969
<imu>: <gyro>: 0.0160 0.0003 -0.0143 <accel>: 1.0224 0.0129 0.0061 
<location>: 18.250000, 0.000000, -31583.974609
<location>: 18.250000, 0.000000, -31840.410156
<location>: 18.250000, 0.000000, -32238.546875
<attitude>: 0.021915 -0.024586 0.999457 -0.149036 0.988447 0.027583 -0.988589 -0.149559 0.017998 
<system>: , 0.000000
<location>: 18.250000, 0.000000, -32150.228516
<location>: 18.250000, 0.000000, -32043.486328
<imu>: <gyro>: 0.0139 -0.0060 -0.0122 <accel>: 0.9897 0.0561 0.0029 
<location>: 18.250000, 0.000000, -31693.191406
<location>: 18.250000, 0.000000, -31333.457031
<location>: 18.250000, 0.000000, -30735.191406
<location>: 18.250000, 0.000000, -31282.929688
<location>: 18.250000, 0.000000, -30892.279297
<imu>: <gyro>: 0.0139 -0.0050 -0.0153 <accel>: 1.0009 0.0383 0.0095 
<location>: 18.250000, 0.000000, -30298.287109
<location>: 18.250000, 0.000000, -30531.189453
<location>: 18.250000, 0.000000, -30903.126953
<attitude>: 0.024062 -0.021543 0.999478 -0.151215 0.988186 0.024940 -0.988208 -0.151736 0.020521 
<system>: , 0.000000
<location>: 18.250000, 0.000000, -31033.917969
<location>: 18.250000, 0.000000, -27298.394531
<location>: 18.250000, 0.000000, -26798.929688
<imu>: <gyro>: 0.0053 -0.0028 -0.0122 <accel>: 0.9799 0.0129 0.0420 
<location>: 18.250000, 0.000000, -27644.578125
<location>: 18.250000, 0.000000, -27874.117188
<attitude>: 0.021159 -0.022096 0.999532 -0.186266 0.982164 0.025655 -0.982272 -0.186721 0.016666 
<system>: , 0.000000
<location>: 18.250000, 0.000000, -25683.117188
<location>: 18.250000, 0.000000, -25237.386719
<location>: 18.250000, 0.000000, -25237.386719
<imu>: <gyro>: 0.0277 -0.0007 -0.0164 <accel>: 0.9975 0.0195 0.0274 
<location>: 18.250000, 0.000000, -27034.136719
<location>: 18.250000, 0.000000, -29184.695312
<location>: 18.250000, 0.000000, -29269.679688
<location>: 18.250000, 0.000000, -29269.679688
<location>: 18.250000, 0.000000, -29269.679688
<imu>: <gyro>: -0.0032 -0.0050 -0.0004 <accel>: 0.9541 0.0363 0.0625 
<location>: 18.250000, 0.000000, -29269.679688
<location>: 18.250000, 0.000000, -29269.679688
<attitude>: 0.022349 -0.025731 0.999419 -0.188895 0.981554 0.029496 -0.981743 -0.189444 0.017077 
<system>: , 0.000000
<location>: 18.250000, 0.000000, -29365.837891
<location>: 18.250000, 0.000000, -29364.462891
<imu>: <gyro>: 0.0245 -0.0028 -0.0164 <accel>: 0.9865 0.0500 0.0064 
<location>: 18.250000, 0.000000, -28584.949219
<location>: 18.250000, 0.000000, -28835.353516
<location>: 18.250000, 0.000000, -29314.048828
<location>: 18.250000, 0.000000, -28682.009766
<location>: 18.250000, 0.000000, -28452.597656
<imu>: <gyro>: -0.0106 0.0003 -0.0079 <accel>: 1.0022 0.0153 0.0203 
<location>: 18.250000, 0.000000, -29350.492188
<location>: 18.250000, 0.000000, -29712.175781
<location>: 18.250000, 0.000000, -30073.615234
<attitude>: 0.020212 -0.022231 0.999548 -0.190618 0.981328 0.025681 -0.981456 -0.191051 0.015597 
<system>: , 0.000000
<location>: 18.250000, 0.000000, -30073.615234
<location>: 18.250000, 0.000000, -30073.615234
<imu>: <gyro>: 0.0458 -0.0039 -0.0249 <accel>: 1.0002 0.0422 0.0213 
<location>: 18.250000, 0.000000, -30073.615234
<location>: 18.250000, 0.000000, -29365.599609
<location>: 18.250000, 0.000000, -29509.890625
<location>: 18.250000, 0.000000, -30241.955078
<location>: 18.250000, 0.000000, -31106.439453
<imu>: <gyro>: -0.0074 -0.0050 -0.0111 <accel>: 0.9921 0.0149 0.0147 
<location>: 18.250000, 0.000000, -31250.660156
<location>: 18.250000, 0.000000, -30494.994141
<attitude>: 0.023699 -0.021975 0.999478 -0.192944 0.980861 0.026141 -0.980923 -0.193463 0.019005 
<system>: , 0.000000
<location>: 18.250000, 0.000000, -31282.419922
<location>: 18.250000, 0.000000, -32000.566406
<location>: 18.250000, 0.000000, -32027.804688
<imu>: <gyro>: 0.0320 -0.0018 -0.0047 <accel>: 0.9926 0.0354 0.0147 
<location>: 18.250000, 0.000000, -32447.115234
<location>: 18.250000, 0.000000, -32447.115234
<location>: 18.250000, 0.000000, -32447.115234
<location>: 18.250000, 0.000000, -32447.115234
<location>: 18.250000, 0.000000, -32412.714844
<imu>: <gyro>: -0.0117 -0.0071 -0.0143 <accel>: 1.0087 0.0005 0.0149 
<location>: 18.250000, 0.000000, -32327.150391
<location>: 18.250000, 0.000000, -32163.509766
<attitude>: 0.025065 -0.021103 0.999463 -0.195216 0.980426 0.025597 -0.980440 -0.195753 0.020455 
<system>: , 0.000000
<location>: 18.250000, 0.000000, -31159.886719
<location>: 18.250000, 0.000000, -31159.886719
<location>: 18.250000, 0.000000, -31159.886719
<imu>: <gyro>: 0.0277 -0.0050 -0.0132 <accel>: 1.0095 0.0036 0.0076 
<location>: 18.250000, 0.000000, -31297.292969
<location>: 18.250000, 0.000000, -31465.923828
<location>: 18.250000, 0.000000, -31465.923828
<location>: 18.250000, 0.000000, -31465.923828
<imu>: <gyro>: 0.0000 -0.0103 -0.0143 <accel>: 1.0153 0.0361 0.0195 
<location>: 18.250000, 0.000000, -30577.666016
<location>: 18.250000, 0.000000, -29984.253906
<location>: 18.250000, 0.000000, -29038.470703
<attitude>: 0.024138 -0.021696 0.999473 -0.197914 0.979873 0.026051 -0.979922 -0.198438 0.019358 
<system>: , 0.000000
<location>: 18.250000, 0.000000, -28523.984375
<location>: 18.250000, 0.000000, -28872.925781
<imu>: <gyro>: 0.0171 -0.0050 -0.0122 <accel>: 1.0046 0.0405 0.0139 
<location>: 18.250000, 0.000000, -29026.134766
<location>: 18.250000, 0.000000, -29026.134766
<location>: 18.250000, 0.000000, -29026.134766
<location>: 18.250000, 0.000000, -29474.521484
<location>: 18.250000, 0.000000, -29565.742188
<imu>: <gyro>: 0.0171 -0.0039 -0.0143 <accel>: 0.9721 0.0329 -0.0110 
<location>: 18.250000, 0.000000, -29565.742188
<location>: 18.250000, 0.000000, -29565.742188
<location>: 18.250000, 0.000000, -30798.791016
<attitude>: 0.021297 -0.021761 0.999536 -0.200630 0.979333 0.025596 -0.979436 -0.201082 0.016491 
<system>: , 0.000000
<location>: 18.250000, 0.000000, -30851.494141
<location>: 18.250000, 0.000000, -30868.730469
<imu>: <gyro>: 0.0053 -0.0071 -0.0143 <accel>: 1.0273 -0.0098 0.0447 
<location>: 18.250000, 0.000000, -29590.875000
<location>: 18.250000, 0.000000, -29673.792969
<location>: 18.250000, 0.000000, -29673.792969
<location>: 18.250000, 0.000000, -29673.792969
<location>: 18.250000, 0.000000, -29273.867188
<imu>: <gyro>: 0.0032 -0.0039 -0.0079 <accel>: 1.0070 0.0307 0.0298 
<location>: 18.250000, 0.000000, -28409.677734
<location>: 18.250000, 0.000000, -29512.136719
<attitude>: 0.022804 -0.025080 0.999425 -0.202844 0.978776 0.029190 -0.978945 -0.203393 0.017232 
<system>: , 0.000000
<location>: 18.250000, 0.000000, -29906.349609
<location>: 18.250000, 0.000000, -30659.962891
<location>: 18.250000, 0.000000, -30395.169922
<imu>: <gyro>: 0.0107 -0.0124 -0.0079 <accel>: 1.0661 0.0134 -0.0002 
<location>: 18.250000, 0.000000, -30415.630859
<location>: 18.250000, 0.000000, -31249.310547
<location>: 18.250000, 0.000000, -31563.554688
<location>: 18.250000, 0.000000, -31573.494141
<location>: 18.250000, 0.000000, -31581.619141
<imu>: <gyro>: 0.0203 -0.0007 -0.0100 <accel>: 1.0173 0.0166 0.0444 
<location>: 18.250000, 0.000000, -31865.861328
<location>: 18.250000, 0.000000, -32055.750000
<attitude>: 0.022972 -0.022631 0.999480 -0.205573 0.978273 0.026876 -0.978372 -0.206083 0.017821 
<system>: , 0.000000
<location>: 18.250000, 0.000000, -32055.750000
<location>: 18.250000, 0.000000, -32055.750000
<location>: 18.250000, 0.000000, -32350.644531
<imu>: <gyro>: -0.0010 -0.0050 -0.0132 <accel>: 1.0205 0.0058 0.0230 
<location>: 18.250000, 0.000000, -32453.628906
<location>: 18.250000, 0.000000, -32453.628906
<location>: 18.250000, 0.000000, -32453.628906
<location>: 18.250000, 0.000000, -32453.628906
<imu>: <gyro>: 0.0160 -0.0060 -0.0228 <accel>: 1.0424 -0.0450 -0.0337 
<location>: 18.250000, 0.000000, -32709.107422
<location>: 18.250000, 0.000000, -32792.199219
<location>: 18.250000, 0.000000, -32081.708984
<attitude>: 0.023631 -0.020265 0.999515 -0.207831 0.977852 0.024740 -0.977879 -0.208315 0.018895 
<system>: , 0.000000
<location>: 18.250000, 0.000000, -32085.716797
<location>: 18.250000, 0.000000, -32148.302734
<imu>: <gyro>: 0.0267 -0.0071 -0.0122 <accel>: 0.9577 0.0351 -0.0212 
<location>: 18.250000, 0.000000, -32148.302734
<location>: 18.250000, 0.000000, -32148.302734
<location>: 18.250000, 0.000000, -32100.326172
<location>: 18.250000, 0.000000, -31927.675781
<location>: 18.250000, 0.000000, -32027.683594
<imu>: <gyro>: 0.0160 -0.0039 -0.0196 <accel>: 1.0341 0.0293 -0.0044 
<location>: 18.250000, 0.000000, -28047.179688
<location>: 18.250000, 0.000000, -22798.027344
<attitude>: 0.024307 -0.017548 0.999551 -0.210643 0.977309 0.022280 -0.977261 -0.211090 0.020059 
<system>: , 0.000000
<location>: 18.250000, 0.000000, -24274.072266
<location>: 18.250000, 0.000000, -24274.072266
<location>: 18.250000, 0.000000, -25128.144531
<imu>: <gyro>: 0.0181 -0.0082 -0.0122 <accel>: 1.0214 -0.0057 0.0068 
<location>: 18.250000, 0.000000, -25825.984375
<location>: 18.250000, 0.000000, -25825.984375
<location>: 18.250000, 0.000000, -27456.589844
<location>: 18.250000, 0.000000, -27891.318359
<location>: 18.250000, 0.000000, -27175.185547
<imu>: <gyro>: 0.0053 -0.0050 -0.0111 <accel>: 1.0127 0.0124 0.0108 
<location>: 18.250000, 0.000000, -26994.443359
<location>: 18.250000, 0.000000, -27342.656250
<attitude>: 0.023864 -0.022152 0.999470 -0.212903 0.976708 0.026731 -0.976782 -0.213428 0.018592 
<system>: , 0.000000
<location>: 18.250000, 0.000000, -27437.171875
<location>: 18.250000, 0.000000, -27437.171875
<location>: 18.250000, 0.000000, -27437.171875
<imu>: <gyro>: 0.0213 -0.0018 -0.0132 <accel>: 1.0205 0.0495 0.0093 
<location>: 18.250000, 0.000000, -27437.171875
<location>: 18.250000, 0.000000, -27437.171875
<location>: 18.250000, 0.000000, -27520.808594
<location>: 18.250000, 0.000000, -28730.476562
<imu>: <gyro>: 0.0075 -0.0018 -0.0207 <accel>: 1.0183 0.0500 0.0151 
<location>: 18.250000, 0.000000, -28015.566406
<location>: 18.250000, 0.000000, -28015.566406
<location>: 18.250000, 0.000000, -28015.566406
<attitude>: 0.024669 -0.022612 0.999440 -0.214924 0.976247 0.027393 -0.976319 -0.215480 0.019223 
<system>: , 0.000000
<location>: 18.250000, 0.000000, -28406.441406
<location>: 18.250000, 0.000000, -29677.753906
<imu>: <gyro>: 0.0320 -0.0071 -0.0153 <accel>: 1.0004 0.0171 0.0191 
<location>: 18.250000, 0.000000, -30648.171875
<location>: 18.250000, 0.000000, -31371.347656
<location>: 18.250000, 0.000000, -31553.640625
<location>: 18.250000, 0.000000, -31553.640625
<location>: 18.250000, 0.000000, -31553.640625
<imu>: <gyro>: -0.0128 -0.0060 -0.0153 <accel>: 0.9980 0.0249 0.0208 
<location>: 18.250000, 0.000000, -31132.492188
<location>: 18.250000, 0.000000, -30440.560547
<attitude>: 0.025087 -0.020455 0.999476 -0.216703 0.975907 0.025412 -0.975915 -0.217227 0.020050 
<system>: , 0.000000
<location>: 18.250000, 0.000000, -30520.505859
<location>: 18.250000, 0.000000, -31294.269531
<location>: 18.250000, 0.000000, -31517.980469
<imu>: <gyro>: 0.0330 -0.0103 -0.0079 <accel>: 1.0080 0.0034 0.0090 
<location>: 18.250000, 0.000000, -31517.980469
<location>: 18.250000, 0.000000, -31314.589844
<location>: 18.250000, 0.000000, -31273.210938
<location>: 18.250000, 0.000000, -31273.210938
<location>: 18.250000, 0.000000, -31653.392578
<imu>: <gyro>: 0.0022 -0.0060 -0.0111 <accel>: 1.0253 0.0337 0.0305 
<location>: 18.250000, 0.000000, -31475.759766
<location>: 18.250000, 0.000000, -30155.968750
<attitude>: 0.025429 -0.022148 0.999431 -0.219212 0.975298 0.027191 -0.975346 -0.219779 0.019946 
<system>: , 0.000000
<location>: 18.250000, 0.000000, -31042.357422
<location>: 18.250000, 0.000000, -31783.009766
<location>: 18.250000, 0.000000, -31783.009766
<imu>: <gyro>: 0.0192 -0.0135 -0.0292 <accel>: 1.0136 0.0256 0.0213 
<location>: 18.250000, 0.000000, -31783.009766
<location>: 18.250000, 0.000000, -31783.009766
<location>: 18.250000, 0.000000, -31783.009766
<location>: 18.250000, 0.000000, -31971.605469
<imu>: <gyro>: 0.0075 -0.0082 -0.0143 <accel>: 0.9902 0.0095 -0.0264 
<location>: 18.250000, 0.000000, -32364.218750
<location>: 18.250000, 0.000000, -32428.986328
<attitude>: 0.024177 -0.022209 0.999461 -0.221775 0.974723 0.027024 -0.974798 -0.222309 0.018640 
<system>: , 0.000000
<location>: 18.250000, 0.000000, -32448.632812
<location>: 18.250000, 0.000000, -32519.814453
<location>: 18.250000, 0.000000, -30277.400391
<imu>: <gyro>: 0.0171 -0.0060 -0.0175 <accel>: 0.9628 0.0742 -0.0100 
<location>: 18.250000, 0.000000, -28387.066406
<location>: 18.250000, 0.000000, -28498.253906
<location>: 18.250000, 0.000000, -29100.261719
<location>: 18.250000, 0.000000, -30289.386719
<location>: 18.250000, 0.000000, -30685.445312
<imu>: <gyro>: 0.0256 -0.0039 -0.0132 <accel>: 0.9929 0.0207 0.0200 
<location>: 18.250000, 0.000000, -28039.126953
<location>: 18.250000, 0.000000, -27114.970703
<attitude>: 0.021946 -0.019849 0.999562 -0.224843 0.974092 0.024280 -0.974148 -0.225278 0.016915 
<system>: , 0.000000
<location>: 18.250000, 0.000000, -28220.152344
<location>: 18.250000, 0.000000, -29669.396484
<location>: 18.250000, 0.000000, -29903.199219
<imu>: <gyro>: -0.0064 -0.0050 -0.0100 <accel>: 0.9731 0.0171 0.0083 
<location>: 18.250000, 0.000000, -29903.199219
<location>: 18.250000, 0.000000, -30311.123047
<location>: 18.250000, 0.000000, -30347.955078
<location>: 18.250000, 0.000000, -30525.994141
<location>: 18.250000, 0.000000, -29155.095703
<imu>: <gyro>: 0.0448 -0.0060 -0.0153 <accel>: 0.9690 0.0612 0.0007 
<location>: 18.250000, 0.000000, -30407.441406
<location>: 18.250000, 0.000000, -30407.441406
<attitude>: 0.024632 -0.019814 0.999500 -0.227396 0.973484 0.024902 -0.973491 -0.227895 0.019473 
<system>: , 0.000000
<location>: 18.250000, 0.000000, -30507.048828
<location>: 18.250000, 0.000000, -31243.521484
<location>: 18.250000, 0.000000, -31243.521484
<imu>: <gyro>: -0.0021 -0.0028 -0.0090 <accel>: 0.9887 -0.0235 -0.0063 
<location>: 18.250000, 0.000000, -31149.923828
<location>: 18.250000, 0.000000, -30842.757812
<location>: 18.250000, 0.000000, -30962.212891
<location>: 18.250000, 0.000000, -31256.023438
<location>: 18.250000, 0.000000, -31256.023438
<imu>: <gyro>: 0.0277 -0.0039 -0.0185 <accel>: 0.9809 0.0319 0.0440 
<location>: 18.250000, 0.000000, -31256.023438
<location>: 18.250000, 0.000000, -31256.023438
<attitude>: 0.025722 -0.019682 0.999475 -0.230173 0.972826 0.025081 -0.972810 -0.230698 0.020493 
<system>: , 0.000000
<location>: 18.250000, 0.000000, -31606.787109
<location>: 18.250000, 0.000000, -31957.314453
<imu>: <gyro>: -0.0074 -0.0050 -0.0100 <accel>: 1.0283 0.0415 -0.0080 
<location>: 18.250000, 0.000000, -31967.949219
<location>: 18.250000, 0.000000, -31850.259766
<location>: 18.250000, 0.000000, -31765.828125
<location>: 18.250000, 0.000000, -31765.828125
<location>: 18.250000, 0.000000, -32053.814453
<imu>: <gyro>: 0.0330 -0.0018 -0.0185 <accel>: 0.9775 0.0344 0.0169 
<location>: 18.250000, 0.000000, -32180.255859
<location>: 18.250000, 0.000000, -32352.117188
<attitude>: 0.026399 -0.021281 0.999425 -0.232234 0.972290 0.026837 -0.972302 -0.232809 0.020726 
<system>: , 0.000000
<location>: 18.250000, 0.000000, -32651.994141
<location>: 18.250000, 0.000000, -31595.412109
<location>: 18.250000, 0.000000, -31367.216797
<imu>: <gyro>: -0.0181 -0.0028 -0.0143 <accel>: 1.0117 0.0251 0.0086 
<location>: 18.250000, 0.000000, -31367.216797
<location>: 18.250000, 0.000000, -31389.099609
<location>: 18.250000, 0.000000, -31732.593750
<location>: 18.250000, 0.000000, -32285.613281
<location>: 18.250000, 0.000000, -32595.435547
<imu>: <gyro>: 0.0330 -0.0092 -0.0026 <accel>: 1.0041 0.0217 0.0244 
<location>: 18.250000, 0.000000, -32595.435547
<location>: 18.250000, 0.000000, -32595.435547
<attitude>: 0.024074 -0.020663 0.999497 -0.234247 0.971836 0.025734 -0.971879 -0.234749 0.018556 
<system>: , 0.000000
<location>: 18.250000, 0.000000, -32595.435547
<location>: 18.250000, 0.000000, -31844.871094
<location>: 18.250000, 0.000000, -29381.783203
<imu>: <gyro>: 0.0149 -0.0028 -0.0196 <accel>: 0.9914 0.0190 0.0357 
<location>: 18.250000, 0.000000, -29381.783203
<location>: 18.250000, 0.000000, -29413.130859
<location>: 18.250000, 0.000000, -29473.056641
<location>: 18.250000, 0.000000, -29473.056641
<location>: 18.250000, 0.000000, -29473.056641
<imu>: <gyro>: -0.0064 -0.0146 -0.0090 <accel>: 1.0031 0.0278 0.0078 
<location>: 18.250000, 0.000000, -30108.277344
<location>: 18.250000, 0.000000, -28767.796875
<attitude>: 0.024971 -0.025149 0.999372 -0.235714 0.971349 0.030334 -0.971502 -0.236323 0.018328 
<system>: , 0.000000
<location>: 18.250000, 0.000000, -27153.857422
<location>: 18.250000, 0.000000, -27153.857422
<location>: 18.250000, 0.000000, -28215.447266
<imu>: <gyro>: 0.0309 -0.0028 -0.0132 <accel>: 0.9856 -0.0203 0.0161 
<location>: 18.250000, 0.000000, -28888.648438
<location>: 18.250000, 0.000000, -29474.304688
<location>: 18.250000, 0.000000, -29664.150391
<location>: 18.250000, 0.000000, -29664.150391
<imu>: <gyro>: 0.0267 -0.0135 -0.0175 <accel>: 1.0083 0.0437 0.0281 
<location>: 18.250000, 0.000000, -29664.150391
<location>: 18.250000, 0.000000, -28893.496094
<attitude>: 0.024628 -0.022538 0.999443 -0.239384 0.970527 0.027785 -0.970613 -0.239935 0.018507 
<system>: , 0.000000
<location>: 18.250000, 0.000000, -30147.001953
<location>: 18.250000, 0.000000, -29032.730469
<location>: 18.250000, 0.000000, -28979.839844
<imu>: <gyro>: -0.0021 -0.0028 -0.0058 <accel>: 0.9816 0.0361 0.0217 
<location>: 18.250000, 0.000000, -28979.839844
<location>: 18.250000, 0.000000, -28979.839844
<location>: 18.250000, 0.000000, -29146.105469
<location>: 18.250000, 0.000000, -30487.609375
<location>: 18.250000, 0.000000, -31118.050781
<imu>: <gyro>: 0.0192 -0.0082 -0.0239 <accel>: 1.0153 0.0437 0.0237 
<location>: 18.250000, 0.000000, -31474.183594
<location>: 18.250000, 0.000000, -31419.843750
<attitude>: 0.024328 -0.021876 0.999465 -0.240919 0.970167 0.027099 -0.970240 -0.241450 0.018332 
<system>: , 0.000000
<location>: 18.250000, 0.000000, -31286.193359
<location>: 18.250000, 0.000000, -31511.339844
<location>: 18.250000, 0.000000, -31941.748047
<imu>: <gyro>: -0.0096 -0.0018 -0.0175 <accel>: 0.9682 -0.0108 0.0347 
<location>: 18.250000, 0.000000, -31941.748047
<location>: 18.250000, 0.000000, -31683.074219
<location>: 18.250000, 0.000000, -31365.609375
<location>: 18.250000, 0.000000, -31601.355469
<location>: 18.250000, 0.000000, -31836.943359
<imu>: <gyro>: 0.0341 -0.0050 -0.0111 <accel>: 0.9899 0.0095 0.0296 
<location>: 18.250000, 0.000000, -31836.943359
<location>: 18.250000, 0.000000, -31836.943359
<attitude>: 0.023789 -0.018529 0.999545 -0.243218 0.969681 0.023763 -0.969680 -0.243673 0.018561 
<system>: , 0.000000
<location>: 18.250000, 0.000000, -31582.218750
<location>: 18.250000, 0.000000, -30092.648438
<location>: 18.250000, 0.000000, -29499.466797
<imu>: <gyro>: 0.0085 -0.0028 -0.0164 <accel>: 1.0319 0.0424 0.0005 
<location>: 18.250000, 0.000000, -30424.960938
<location>: 18.250000, 0.000000, -30748.167969
<location>: 18.250000, 0.000000, -30748.167969
<location>: 18.250000, 0.000000, -31035.644531
<location>: 18.250000, 0.000000, -31570.521484
<imu>: <gyro>: 0.0149 -0.0060 -0.0132 <accel>: 1.0148 0.0244 0.0244 
<location>: 18.250000, 0.000000, -31638.886719
<attitude>: 0.022372 -0.020784 0.999534 -0.245478 0.969063 0.025645 -0.969144 -0.245937 0.016578 
<system>: , 0.000000
<location>: 18.250000, 0.000000, -31835.292969
<location>: 18.250000, 0.000000, -31853.027344
<location>: 18.250000, 0.000000, -32358.804688
<imu>: <gyro>: 0.0160 -0.0018 -0.0143 <accel>: 1.0253 0.0337 -0.0027 
<location>: 18.250000, 0.000000, -31806.128906
<location>: 18.250000, 0.000000, -32184.349609
<location>: 18.250000, 0.000000, -30700.968750
<location>: 18.250000, 0.000000, -28973.267578
<location>: 18.250000, 0.000000, -29690.623047
<imu>: <gyro>: 0.0107 -0.0071 -0.0175 <accel>: 0.9963 0.0214 0.0173 
<location>: 18.250000, 0.000000, -29690.623047
<location>: 18.250000, 0.000000, -29899.898438
<attitude>: 0.025488 -0.021524 0.999443 -0.248219 0.968323 0.027184 -0.968369 -0.248774 0.019338 
<system>: , 0.000000
<location>: 18.250000, 0.000000, -30414.625000
<location>: 18.250000, 0.000000, -30721.142578
<location>: 18.250000, 0.000000, -31307.101562
<imu>: <gyro>: 0.0139 -0.0039 -0.0164 <accel>: 1.0275 0.0044 -0.0068 
<location>: 18.250000, 0.000000, -31307.101562
<location>: 18.250000, 0.000000, -30742.578125
<location>: 18.250000, 0.000000, -30049.744141
<location>: 18.250000, 0.000000, -30049.744141
<location>: 18.250000, 0.000000, -30470.244141
<imu>: <gyro>: 0.0203 -0.0039 -0.0068 <accel>: 0.9816 0.0293 0.0322 
<location>: 18.250000, 0.000000, -31186.802734
<location>: 18.250000, 0.000000, -31435.978516
<attitude>: 0.028088 -0.018567 0.999433 -0.251548 0.967521 0.025044 -0.967437 -0.252109 0.022505 
<system>: , 0.000000
<location>: 18.250000, 0.000000, -31394.751953
<location>: 18.250000, 0.000000, -31372.326172
<location>: 18.250000, 0.000000, -30812.359375
<imu>: <gyro>: 0.0064 -0.0188 -0.0185 <accel>: 0.9719 -0.0301 0.0549 
<location>: 18.250000, 0.000000, -30733.779297
<location>: 18.250000, 0.000000, -31131.021484
<location>: 18.250000, 0.000000, -31815.501953
<location>: 18.250000, 0.000000, -31936.042969
<location>: 18.250000, 0.000000, -31936.042969
<imu>: <gyro>: 0.0085 -0.0082 -0.0164 <accel>: 1.0346 0.0429 0.0188 
<location>: 18.250000, 0.000000, -31936.042969
<attitude>: 0.027588 -0.018415 0.999450 -0.253079 0.967128 0.024805 -0.967052 -0.253624 0.022021 
<system>: , 0.000000
<location>: 18.250000, 0.000000, -32157.972656
<location>: 18.250000, 0.000000, -29096.843750
<location>: 18.250000, 0.000000, -29096.843750
<location>: 18.250000, 0.000000, -29181.615234
<imu>: <gyro>: 0.0213 -0.0124 -0.0185 <accel>: 0.9870 0.0246 -0.0095 
<location>: 18.250000, 0.000000, -30505.703125
<location>: 18.250000, 0.000000, -30505.703125
<location>: 18.250000, 0.000000, -30356.023438
<location>: 18.250000, 0.000000, -29659.693359
<imu>: <gyro>: -0.0010 -0.0028 -0.0111 <accel>: 1.0185 0.0192 0.0147 
<location>: 18.250000, 0.000000, -29659.693359
<location>: 18.250000, 0.000000, -29659.693359
<attitude>: 0.024565 -0.019087 0.999516 -0.254836 0.966668 0.024723 -0.966672 -0.255320 0.018882 
<system>: , 0.000000
<location>: 18.250000, 0.000000, -30021.832031
<location>: 18.250000, 0.000000, -31017.681641
<location>: 18.250000, 0.000000, -31101.625000
<imu>: <gyro>: 0.0256 -0.0082 -0.0207 <accel>: 0.9961 0.0190 0.0291 
<location>: 18.250000, 0.000000, -30475.466797
<location>: 18.250000, 0.000000, -29254.652344
<location>: 18.250000, 0.000000, -28390.029297
<location>: 18.250000, 0.000000, -29083.449219
<location>: 18.250000, 0.000000, -30136.292969
<imu>: <gyro>: 0.0022 -0.0071 -0.0111 <accel>: 0.9607 0.0293 0.0369 
<location>: 18.250000, 0.000000, -30457.015625
<location>: 18.250000, 0.000000, -30360.667969
<attitude>: 0.023775 -0.022535 0.999463 -0.257280 0.965934 0.027899 -0.966044 -0.257806 0.017168 
<system>: , 0.000000
<location>: 18.250000, 0.000000, -30318.363281
<location>: 18.250000, 0.000000, -30318.363281
<location>: 18.250000, 0.000000, -29588.404297
<imu>: <gyro>: 0.0149 -0.0124 -0.0303 <accel>: 1.0002 0.0224 -0.0007 
<location>: 18.250000, 0.000000, -29188.267578
<location>: 18.250000, 0.000000, -29659.810547
<location>: 18.250000, 0.000000, -29733.378906
<location>: 18.250000, 0.000000, -29733.378906
<location>: 18.250000, 0.000000, -29772.833984
<imu>: <gyro>: 0.0192 -0.0050 -0.0047 <accel>: 1.0017 0.0278 0.0217 
<location>: 18.250000, 0.000000, -30389.382812
<attitude>: 0.023321 -0.026065 0.999388 -0.260078 0.965082 0.031239 -0.965306 -0.260647 0.015728 
<system>: , 0.000000
<location>: 18.250000, 0.000000, -30977.498047
<location>: 18.250000, 0.000000, -31008.443359
<location>: 18.250000, 0.000000, -31334.789062
<location>: 18.250000, 0.000000, -30173.984375
<imu>: <gyro>: 0.0298 0.0046 -0.0058 <accel>: 1.0070 0.0271 0.0127 
<location>: 18.250000, 0.000000, -30335.900391
<location>: 18.250000, 0.000000, -31089.156250
<location>: 18.250000, 0.000000, -31089.156250
<location>: 18.250000, 0.000000, -31089.156250
<location>: 18.250000, 0.000000, -31089.156250
<imu>: <gyro>: 0.0022 -0.0071 -0.0207 <accel>: 1.0192 0.0161 0.0120 
<location>: 18.250000, 0.000000, -31089.156250
<attitude>: 0.023705 -0.023965 0.999432 -0.263239 0.964284 0.029366 -0.964439 -0.263786 0.016549 
<system>: , 0.000000
<location>: 18.250000, 0.000000, -31089.156250
<location>: 18.250000, 0.000000, -31089.156250
<location>: 18.250000, 0.000000, -31089.156250
<imu>: <gyro>: -0.0042 -0.0007 -0.0100 <accel>: 1.0114 0.0534 0.0291 
<location>: 18.250000, 0.000000, -31089.156250
<location>: 18.250000, 0.000000, -31531.042969
<location>: 18.250000, 0.000000, -30890.968750
<location>: 18.250000, 0.000000, -31002.386719
<location>: 18.250000, 0.000000, -31176.296875
<imu>: <gyro>: 0.0618 -0.0060 -0.0111 <accel>: 1.0168 0.0224 0.0154 
<location>: 18.250000, 0.000000, -31270.277344
<location>: 18.250000, 0.000000, -31295.787109
<attitude>: 0.022253 -0.017808 0.999594 -0.266898 0.963448 0.023106 -0.963468 -0.267304 0.016687 
<system>: , 0.000000
<location>: 18.250000, 0.000000, -31295.787109
<location>: 18.250000, 0.000000, -31148.160156
<location>: 18.250000, 0.000000, -31126.974609
<imu>: <gyro>: -0.0149 -0.0050 -0.0153 <accel>: 1.0307 -0.0022 0.0444 
<location>: 18.250000, 0.000000, -31126.974609
<location>: 18.250000, 0.000000, -31126.974609
<location>: 18.250000, 0.000000, -30306.935547
<location>: 18.250000, 0.000000, -31221.638672
<location>: 18.250000, 0.000000, -31221.638672
<imu>: <gyro>: 0.0245 -0.0103 -0.0015 <accel>: 1.0344 -0.0064 0.0047 
<location>: 18.250000, 0.000000, -31221.638672
<attitude>: 0.023397 -0.014223 0.999625 -0.268292 0.963130 0.019983 -0.963054 -0.268659 0.018719 
<system>: , 0.000000
<location>: 18.250000, 0.000000, -30890.876953
<location>: 18.250000, 0.000000, -29170.738281
<location>: 18.250000, 0.000000, -28965.482422
<location>: 18.250000, 0.000000, -29894.628906
<imu>: <gyro>: -0.0053 -0.0028 -0.0185 <accel>: 0.9792 0.0471 -0.0037 
<location>: 18.250000, 0.000000, -29837.185547
<location>: 18.250000, 0.000000, -30191.746094
<location>: 18.250000, 0.000000, -31032.513672
<location>: 18.250000, 0.000000, -31491.187500
<location>: 18.250000, 0.000000, -31497.839844
<imu>: <gyro>: 0.0171 -0.0103 -0.0153 <accel>: 1.0170 0.0236 0.0364 
<location>: 18.250000, 0.000000, -31702.304688
<attitude>: 0.024282 -0.020116 0.999503 -0.269919 0.962534 0.025930 -0.962577 -0.270415 0.017943 
<system>: , 0.000000
<location>: 18.250000, 0.000000, -31898.474609
<location>: 18.250000, 0.000000, -31898.474609
<location>: 18.250000, 0.000000, -31898.474609
<location>: 18.250000, 0.000000, -31858.232422
<imu>: <gyro>: 0.0075 -0.0092 -0.0111 <accel>: 1.0105 0.0214 -0.0054 
<location>: 18.250000, 0.000000, -31027.203125
<location>: 18.250000, 0.000000, -31327.806641
<location>: 18.250000, 0.000000, -32012.167969
<location>: 18.250000, 0.000000, -32141.478516
<imu>: <gyro>: 0.0064 -0.0092 -0.0090 <accel>: 1.0253 0.0202 -0.0002 
<location>: 18.250000, 0.000000, -32142.642578
<location>: 18.250000, 0.000000, -32142.642578
<attitude>: 0.022851 -0.023043 0.999473 -0.271664 0.961973 0.028389 -0.962121 -0.272170 0.015722 
<system>: , 0.000000
<location>: 18.250000, 0.000000, -32142.642578
<location>: 18.250000, 0.000000, -32208.968750
<location>: 18.250000, 0.000000, -32211.802734
<imu>: <gyro>: 0.0160 -0.0092 -0.0122 <accel>: 1.0065 0.0212 0.0093 
<location>: 18.250000, 0.000000, -32234.998047
<location>: 18.250000, 0.000000, -32597.314453
<location>: 18.250000, 0.000000, -32568.507812
<location>: 18.250000, 0.000000, -32355.509766
<location>: 18.250000, 0.000000, -32355.509766
<imu>: <gyro>: 0.0203 -0.0050 -0.0111 <accel>: 0.9631 0.0031 0.0264 
<location>: 18.250000, 0.000000, -32355.509766
<attitude>: 0.023585 -0.020757 0.999506 -0.274622 0.961189 0.026442 -0.961263 -0.275110 0.016969 
<system>: , 0.000000
<location>: 18.250000, 0.000000, -32355.509766
<location>: 18.250000, 0.000000, -32421.037109
<location>: 18.250000, 0.000000, -32571.525391
<location>: 18.250000, 0.000000, -32728.841797
<imu>: <gyro>: 0.0203 -0.0028 -0.0079 <accel>: 0.9834 -0.0171 0.0208 
<location>: 18.250000, 0.000000, -32874.859375
<location>: 18.250000, 0.000000, -32860.078125
<location>: 18.250000, 0.000000, -32132.552734
<location>: 18.250000, 0.000000, -31550.187500
<location>: 18.250000, 0.000000, -31550.187500
<imu>: <gyro>: 0.0085 0.0014 -0.0047 <accel>: 0.9917 0.0288 0.0130 
<location>: 18.250000, 0.000000, -31884.728516
<attitude>: 0.024262 -0.017684 0.999549 -0.277450 0.960447 0.023727 -0.960434 -0.277900 0.018396 
<system>: , 0.000000
<location>: 18.250000, 0.000000, -32066.707031
<location>: 18.250000, 0.000000, -29956.396484
<location>: 18.250000, 0.000000, -29029.833984
<location>: 18.250000, 0.000000, -29029.833984
<imu>: <gyro>: 0.0213 -0.0114 -0.0132 <accel>: 0.9873 0.0131 0.0125 
<location>: 18.250000, 0.000000, -28637.476562
<location>: 18.250000, 0.000000, -28530.980469
<location>: 18.250000, 0.000000, -28530.980469
<location>: 18.250000, 0.000000, -29430.466797
<location>: 18.250000, 0.000000, -29559.546875
<imu>: <gyro>: -0.0021 -0.0050 -0.0143 <accel>: 1.0720 -0.0154 -0.0344 
<location>: 18.250000, 0.000000, -29559.546875
<attitude>: 0.025277 -0.019610 0.999488 -0.279598 0.959768 0.025902 -0.959784 -0.280110 0.018777 
<system>: , 0.000000
<location>: 18.250000, 0.000000, -30409.123047
<location>: 18.250000, 0.000000, -30445.435547
<location>: 18.250000, 0.000000, -30445.435547
<imu>: <gyro>: 0.0203 -0.0039 -0.0185 <accel>: 1.0173 0.0117 0.0166 
<location>: 18.250000, 0.000000, -30327.138672
<location>: 18.250000, 0.000000, -28526.234375
<location>: 18.250000, 0.000000, -28872.615234
<location>: 18.250000, 0.000000, -28877.162109
<location>: 18.250000, 0.000000, -28957.634766
<imu>: <gyro>: 0.0043 -0.0039 -0.0185 <accel>: 0.9775 0.0244 0.0183 
<location>: 18.250000, 0.000000, -29152.298828
<location>: 18.250000, 0.000000, -29073.695312
<attitude>: 0.028234 -0.023172 0.999333 -0.281594 0.959058 0.030194 -0.959118 -0.282259 0.020553 
<system>: , 0.000000
<location>: 18.250000, 0.000000, -28880.373047
<location>: 18.250000, 0.000000, -28880.373047
<location>: 18.250000, 0.000000, -29395.562500
<imu>: <gyro>: 0.0192 -0.0060 -0.0153 <accel>: 1.0317 0.0539 0.0427 
<location>: 18.250000, 0.000000, -25692.060547
<location>: 18.250000, 0.000000, -20185.447266
<location>: 18.250000, 0.000000, -20185.447266
<location>: 18.250000, 0.000000, -20185.447266
<location>: 18.250000, 0.000000, -22798.457031
<imu>: <gyro>: 0.0053 -0.0050 -0.0153 <accel>: 1.0244 0.0070 -0.0056 
<location>: 18.250000, 0.000000, -26404.408203
<attitude>: 0.026509 -0.021574 0.999416 -0.283928 0.958430 0.028221 -0.958479 -0.284511 0.019282 
<system>: , 0.000000
<location>: 18.250000, 0.000000, -28689.507812
<location>: 18.250000, 0.000000, -30120.806641
<location>: 18.250000, 0.000000, -30425.433594
<location>: 18.250000, 0.000000, -31176.812500
<imu>: <gyro>: 0.0181 -0.0060 -0.0090 <accel>: 0.9980 0.0202 0.0205 
<location>: 18.250000, 0.000000, -31380.761719
<location>: 18.250000, 0.000000, -31380.761719
<location>: 18.250000, 0.000000, -31380.761719
<location>: 18.250000, 0.000000, -31380.761719
<location>: 18.250000, 0.000000, -31380.761719
<imu>: <gyro>: 0.0064 -0.0103 -0.0143 <accel>: 0.9919 0.0151 0.0088 
<location>: 18.250000, 0.000000, -31368.947266
<attitude>: 0.024949 -0.018842 0.999511 -0.286209 0.957836 0.025201 -0.957842 -0.286698 0.018504 
<system>: , 0.000000
<location>: 18.250000, 0.000000, -31184.417969
<location>: 18.250000, 0.000000, -31184.417969
<location>: 18.250000, 0.000000, -31210.478516
<imu>: <gyro>: 0.0139 -0.0060 -0.0175 <accel>: 0.9877 0.0022 0.0239 
<location>: 18.250000, 0.000000, -31347.726562
<location>: 18.250000, 0.000000, -31400.257812
<location>: 18.250000, 0.000000, -31400.257812
<location>: 18.250000, 0.000000, -31120.767578
<location>: 18.250000, 0.000000, -30586.470703
<imu>: <gyro>: 0.0096 -0.0071 -0.0207 <accel>: 1.0205 0.0442 -0.0044 
<location>: 18.250000, 0.000000, -30586.470703
<location>: 18.250000, 0.000000, -30586.470703
<attitude>: 0.025140 -0.018077 0.999520 -0.288473 0.957173 0.024567 -0.957158 -0.288953 0.018849 
<system>: , 0.000000
<location>: 18.250000, 0.000000, -31037.525391
<location>: 18.250000, 0.000000, -31488.275391
<location>: 18.250000, 0.000000, -31497.552734
<imu>: <gyro>: 0.0139 -0.0028 -0.0122 <accel>: 0.9799 0.0402 0.0059 
<location>: 18.250000, 0.000000, -31505.132812
<location>: 18.250000, 0.000000, -31505.132812
<location>: 18.250000, 0.000000, -31505.132812
<location>: 18.250000, 0.000000, -31778.828125
<location>: 18.250000, 0.000000, -31898.998047
<imu>: <gyro>: 0.0117 -0.0060 -0.0207 <accel>: 0.9763 0.0317 0.0244 
<location>: 18.250000, 0.000000, -31832.130859
<attitude>: 0.027338 -0.018843 0.999449 -0.290649 0.956477 0.025983 -0.956439 -0.291199 0.020672 
<system>: , 0.000000
<location>: 18.250000, 0.000000, -31808.777344
<location>: 18.250000, 0.000000, -31433.107422
<location>: 18.250000, 0.000000, -31436.503906
<location>: 18.250000, 0.000000, -30166.666016
<imu>: <gyro>: 0.0128 -0.0071 -0.0175 <accel>: 0.9885 0.0188 -0.0049 
<location>: 18.250000, 0.000000, -29981.361328
<location>: 18.250000, 0.000000, -29981.361328
<location>: 18.250000, 0.000000, -30922.226562
<location>: 18.250000, 0.000000, -31290.708984
<location>: 18.250000, 0.000000, -31034.482422
<imu>: <gyro>: 0.0085 -0.0060 -0.0143 <accel>: 0.9814 0.0302 0.0213 
<location>: 18.250000, 0.000000, -31034.482422
<attitude>: 0.027295 -0.019204 0.999443 -0.292869 0.955789 0.026364 -0.955763 -0.293425 0.020464 
<system>: , 0.000000
<location>: 18.250000, 0.000000, -31034.482422
<location>: 18.250000, 0.000000, -31034.482422
<location>: 18.250000, 0.000000, -31073.732422
<location>: 18.250000, 0.000000, -31335.183594
<imu>: <gyro>: 0.0160 -0.0060 -0.0143 <accel>: 1.0488 0.0319 0.0169 
<location>: 18.250000, 0.000000, -31661.435547
<location>: 18.250000, 0.000000, -31661.435547
<location>: 18.250000, 0.000000, -31607.154297
<location>: 18.250000, 0.000000, -31524.621094
<location>: 18.250000, 0.000000, -31674.531250
<imu>: <gyro>: 0.0139 -0.0050 -0.0143 <accel>: 0.9929 0.0185 0.0271 
<location>: 18.250000, 0.000000, -32098.474609
<attitude>: 0.026340 -0.021018 0.999432 -0.295399 0.954967 0.027868 -0.955011 -0.295965 0.018945 
<system>: , 0.000000
<location>: 18.250000, 0.000000, -32338.275391
<location>: 18.250000, 0.000000, -32454.845703
<location>: 18.250000, 0.000000, -32459.162109
<imu>: <gyro>: 0.0128 -0.0124 -0.0132 <accel>: 1.0117 0.0280 0.0134 
<location>: 18.250000, 0.000000, -32568.068359
<location>: 18.250000, 0.000000, -32690.386719
<location>: 18.250000, 0.000000, -32703.570312
<location>: 18.250000, 0.000000, -32703.570312
<location>: 18.250000, 0.000000, -31723.300781
<imu>: <gyro>: 0.0128 -0.0060 -0.0185 <accel>: 1.0129 0.0371 -0.0083 
<location>: 18.250000, 0.000000, -31457.222656
<attitude>: 0.023553 -0.020800 0.999506 -0.297627 0.954304 0.026873 -0.954392 -0.298113 0.016286 
<system>: , 0.000000
<location>: 18.250000, 0.000000, -31457.222656
<location>: 18.250000, 0.000000, -31225.794922
<location>: 18.250000, 0.000000, -31835.634766
<location>: 18.250000, 0.000000, -31893.697266
<imu>: <gyro>: 0.0085 -0.0050 -0.0111 <accel>: 0.9936 0.0276 0.0173 
<location>: 18.250000, 0.000000, -32342.207031
<location>: 18.250000, 0.000000, -32361.376953
<location>: 18.250000, 0.000000, -31531.039062
<location>: 18.250000, 0.000000, -31531.039062
<location>: 18.250000, 0.000000, -31531.039062
<imu>: <gyro>: 0.0160 -0.0039 -0.0185 <accel>: 1.0078 0.0229 0.0130 
<location>: 18.250000, 0.000000, -31531.039062
<attitude>: 0.025236 -0.021142 0.999458 -0.299685 0.953635 0.027739 -0.953704 -0.300222 0.017730 
<system>: , 0.000000
<location>: 18.250000, 0.000000, -31531.039062
<location>: 18.250000, 0.000000, -31662.509766
<location>: 18.250000, 0.000000, -32093.947266
<location>: 18.250000, 0.000000, -32216.919922
<imu>: <gyro>: 0.0171 -0.0060 -0.0207 <accel>: 1.0200 0.0012 0.0332 
<location>: 18.250000, 0.000000, -32519.378906
<location>: 18.250000, 0.000000, -32595.787109
<location>: 18.250000, 0.000000, -32741.853516
<location>: 18.250000, 0.000000, -32741.853516
<location>: 18.250000, 0.000000, -32741.853516
<imu>: <gyro>: 0.0053 -0.0028 -0.0228 <accel>: 0.9992 0.0109 0.0029 
<location>: 18.250000, 0.000000, -32741.853516
<attitude>: 0.028082 -0.019837 0.999409 -0.301914 0.952941 0.027398 -0.952921 -0.302505 0.020772 
<system>: , 0.000000
<location>: 18.250000, 0.000000, -32741.853516
<location>: 18.250000, 0.000000, -32741.853516
<location>: 18.250000, 0.000000, -32741.853516
<imu>: <gyro>: 0.0107 -0.0103 -0.0143 <accel>: 0.9941 0.0490 0.0349 
<location>: 18.250000, 0.000000, -32741.853516
<location>: 18.250000, 0.000000, -32741.853516
<location>: 18.250000, 0.000000, -32741.853516
<location>: 18.250000, 0.000000, -32741.853516
<location>: 18.250000, 0.000000, -29890.757812
<imu>: <gyro>: 0.0107 -0.0092 -0.0153 <accel>: 0.9748 0.0512 0.0315 
<location>: 18.250000, 0.000000, -29481.611328
<attitude>: 0.026417 -0.019457 0.999462 -0.304384 0.952179 0.026582 -0.952183 -0.304922 0.019231 
<system>: , 0.000000
<location>: 18.250000, 0.000000, -29481.611328
<location>: 18.250000, 0.000000, -30722.710938
<location>: 18.250000, 0.000000, -31603.279297
<location>: 18.250000, 0.000000, -31735.636719
<imu>: <gyro>: 0.0139 -0.0124 -0.0079 <accel>: 0.9414 -0.0313 0.0545 
<location>: 18.250000, 0.000000, -31135.392578
<location>: 18.250000, 0.000000, -30282.304688
<location>: 18.250000, 0.000000, -30282.304688
<location>: 18.250000, 0.000000, -30282.304688
<location>: 18.250000, 0.000000, -30179.593750
<imu>: <gyro>: 0.0107 -0.0071 -0.0132 <accel>: 0.9980 0.0073 0.0403 
<location>: 18.250000, 0.000000, -29926.974609
<attitude>: 0.024488 -0.019230 0.999515 -0.306698 0.951457 0.025820 -0.951492 -0.307181 0.017402 
<system>: , 0.000000
<location>: 18.250000, 0.000000, -29994.890625
<location>: 18.250000, 0.000000, -30124.724609
<location>: 18.250000, 0.000000, -30114.347656
<location>: 18.250000, 0.000000, -30098.568359
<imu>: <gyro>: 0.0181 -0.0050 -0.0239 <accel>: 0.9919 0.0041 0.0366 
<location>: 18.250000, 0.000000, -30098.568359
<location>: 18.250000, 0.000000, -30430.453125
<location>: 18.250000, 0.000000, -31220.222656
<location>: 18.250000, 0.000000, -31210.144531
<location>: 18.250000, 0.000000, -30953.353516
<imu>: <gyro>: 0.0096 -0.0039 -0.0036 <accel>: 1.0026 0.0317 0.0608 
<location>: 18.250000, 0.000000, -30860.699219
<attitude>: 0.023004 -0.016756 0.999595 -0.308752 0.950863 0.023045 -0.950864 -0.309157 0.016700 
<system>: , 0.000000
<location>: 18.250000, 0.000000, -31419.207031
<location>: 18.250000, 0.000000, -30187.695312
<location>: 18.250000, 0.000000, -29664.253906
<location>: 18.250000, 0.000000, -29664.253906
<imu>: <gyro>: 0.0181 -0.0114 -0.0196 <accel>: 1.0175 0.0310 0.0144 
<location>: 18.250000, 0.000000, -29664.253906
<location>: 18.250000, 0.000000, -27707.746094
<location>: 18.250000, 0.000000, -28965.505859
<location>: 18.250000, 0.000000, -30325.175781
<imu>: <gyro>: 0.0000 0.0003 -0.0122 <accel>: 1.0239 0.0617 -0.0168 
<location>: 18.250000, 0.000000, -30948.236328
<attitude>: 0.023039 -0.016715 0.999595 -0.310932 0.950153 0.023055 -0.950153 -0.311337 0.016693 
<system>: , 0.000000
<location>: 18.250000, 0.000000, -30930.191406
<location>: 18.250000, 0.000000, -30683.742188
<location>: 18.250000, 0.000000, -30945.460938
