<attitude>: 0.777 -0.630 -0.019 0.380 0.444 0.811 -0.502 -0.637 0.584 
<system>: , 0.000
<throttle>: 0.00 0.00 0.00 0.00 
<location>: 19.100000, 0.000000, -115.867523
<location>: 19.100000, 0.000000, -115.764320
<location>: 19.100000, 0.000000, -115.865425
<imu>: <gyro>: -0.0330 0.0110 0.0230 <accel>: 0.0260 -0.0050 0.0250 
<location>: 19.100000, 0.000000, -115.922791
<location>: 19.100000, 0.000000, -115.830055
<location>: 19.100000, 0.000000, -115.849274
<location>: 19.100000, 0.000000, -115.742035
<location>: 19.100000, 0.000000, -115.697166
<imu>: <gyro>: -0.0330 0.0110 0.0230 <accel>: 0.0260 -0.0050 0.0250 
<location>: 19.100000, 0.000000, -115.701294
<location>: 19.100000, 0.000000, -115.735802
<attitude>: 0.780 -0.626 -0.017 0.380 0.451 0.808 -0.498 -0.636 0.590 
<system>: , 0.000
<throttle>: 0.00 0.00 0.00 0.00 
<location>: 19.100000, 0.000000, -115.791786
<location>: 19.100000, 0.000000, -115.871094
<location>: 19.100000, 0.000000, -115.908997
<imu>: <gyro>: -0.0330 0.0110 0.0230 <accel>: 0.0260 -0.0050 0.0250 
<location>: 19.100000, 0.000000, -115.936806
<location>: 19.100000, 0.000000, -115.780167
<location>: 19.100000, 0.000000, -115.742538
<location>: 19.100000, 0.000000, -115.784592
<location>: 19.100000, 0.000000, -115.718750
<imu>: <gyro>: -0.0330 0.0110 0.0230 <accel>: 0.0260 -0.0050 0.0250 
<location>: 19.100000, 0.000000, -115.656837
<location>: 19.100000, 0.000000, -115.535690
<attitude>: 0.782 -0.623 -0.014 0.379 0.458 0.804 -0.494 -0.634 0.595 
<system>: , 0.000
<throttle>: 0.00 0.00 0.00 0.00 
<location>: 19.100000, 0.000000, -115.646019
<location>: 19.100000, 0.000000, -115.643288
<location>: 19.100000, 0.000000, -115.705437
<imu>: <gyro>: -0.0330 0.0110 0.0230 <accel>: 0.0260 -0.0050 0.0250 
<location>: 19.100000, 0.000000, -115.813576
<location>: 19.100000, 0.000000, -115.862328
<location>: 19.100000, 0.000000, -115.953529
<location>: 19.100000, 0.000000, -115.889687
<location>: 19.100000, 0.000000, -115.858414
<imu>: <gyro>: -0.0330 0.0110 0.0230 <accel>: 0.0260 -0.0050 0.0250 
<location>: 19.100000, 0.000000, -115.932373
<attitude>: 0.785 -0.619 -0.012 0.379 0.465 0.800 -0.490 -0.632 0.600 
<system>: , 0.000
<throttle>: 0.00 0.00 0.00 0.00 
<location>: 19.100000, 0.000000, -115.941612
<location>: 19.100000, 0.000000, -115.916229
<location>: 19.100000, 0.000000, -115.827034
<imu>: <gyro>: -0.0330 0.0110 0.0230 <accel>: 0.0260 -0.0050 0.0250 
<location>: 19.100000, 0.000000, -115.847504
<location>: 19.100000, 0.000000, -115.799294
<location>: 19.100000, 0.000000, -115.835541
<location>: 19.100000, 0.000000, -115.864723
<location>: 19.100000, 0.000000, -115.751503
<imu>: <gyro>: -0.0330 0.0110 0.0230 <accel>: 0.0260 -0.0050 0.0250 
<location>: 19.100000, 0.000000, -115.771652
<location>: 19.100000, 0.000000, -115.808289
<attitude>: 0.788 -0.616 -0.010 0.379 0.472 0.796 -0.485 -0.631 0.605 
<system>: , 0.000
<throttle>: 0.00 0.00 0.00 0.00 
<location>: 19.100000, 0.000000, -115.751648
<location>: 19.100000, 0.000000, -115.820099
<location>: 19.100000, 0.000000, -115.772026
<imu>: <gyro>: -0.0330 0.0110 0.0230 <accel>: 0.0260 -0.0050 0.0250 
<location>: 19.100000, 0.000000, -115.627815
<location>: 19.100000, 0.000000, -115.730370
<location>: 19.100000, 0.000000, -115.816719
<location>: 19.100000, 0.000000, -115.716156
<location>: 19.100000, 0.000000, -115.655327
<imu>: <gyro>: -0.0330 0.0110 0.0230 <accel>: 0.0260 -0.0050 0.0250 
<location>: 19.100000, 0.000000, -115.586815
<attitude>: 0.791 -0.612 -0.007 0.378 0.480 0.792 -0.481 -0.629 0.611 
<system>: , 0.000
<throttle>: 0.00 0.00 0.00 0.00 
<location>: 19.100000, 0.000000, -115.674896
<location>: 19.100000, 0.000000, -115.772285
<location>: 19.100000, 0.000000, -115.803879
<location>: 19.100000, 0.000000, -115.792320
<imu>: <gyro>: -0.0330 0.0110 0.0230 <accel>: 0.0260 -0.0050 0.0250 
<location>: 19.100000, 0.000000, -115.694603
<location>: 19.100000, 0.000000, -115.709740
<location>: 19.100000, 0.000000, -115.526558
<location>: 19.100000, 0.000000, -115.363731
<imu>: <gyro>: -0.0330 0.0110 0.0230 <accel>: 0.0260 -0.0050 0.0250 
<location>: 19.100000, 0.000000, -115.373062
<location>: 19.100000, 0.000000, -115.328125
<attitude>: 0.794 -0.608 -0.005 0.378 0.486 0.788 -0.477 -0.627 0.616 
<system>: , 0.000
<throttle>: 0.00 0.00 0.00 0.00 
<location>: 19.100000, 0.000000, -115.593773
<location>: 19.100000, 0.000000, -115.755058
<location>: 19.100000, 0.000000, -115.885536
<imu>: <gyro>: -0.0330 0.0110 0.0230 <accel>: 0.0260 -0.0050 0.0250 
<location>: 19.100000, 0.000000, -115.853920
<location>: 19.100000, 0.000000, -115.833221
<location>: 19.100000, 0.000000, -115.844536
<location>: 19.100000, 0.000000, -115.979675
<location>: 19.100000, 0.000000, -116.001396
<imu>: <gyro>: -0.0330 0.0110 0.0230 <accel>: 0.0260 -0.0050 0.0250 
<location>: 19.100000, 0.000000, -115.841194
<attitude>: 0.796 -0.605 -0.003 0.377 0.493 0.784 -0.473 -0.625 0.621 
<system>: , 0.000
<throttle>: 0.00 0.00 0.00 0.00 
<location>: 19.100000, 0.000000, -115.865013
<location>: 19.100000, 0.000000, -115.912003
<location>: 19.100000, 0.000000, -115.931976
<location>: 19.100000, 0.000000, -115.882339
<imu>: <gyro>: -0.0330 0.0110 0.0230 <accel>: 0.0260 -0.0050 0.0250 
<location>: 19.100000, 0.000000, -115.805061
<location>: 19.100000, 0.000000, -115.742714
<location>: 19.100000, 0.000000, -115.643242
<location>: 19.100000, 0.000000, -115.653320
<location>: 19.100000, 0.000000, -115.635475
<imu>: <gyro>: -0.0330 0.0110 0.0230 <accel>: 0.0260 -0.0050 0.0250 
<location>: 19.100000, 0.000000, -115.580238
<attitude>: 0.799 -0.601 -0.000 0.377 0.500 0.780 -0.468 -0.623 0.626 
<system>: , 0.000
<throttle>: 0.00 0.00 0.00 0.00 
<location>: 19.100000, 0.000000, -115.561798
<location>: 19.100000, 0.000000, -115.760452
<location>: 19.100000, 0.000000, -115.919304
<imu>: <gyro>: -0.0330 0.0110 0.0230 <accel>: 0.0260 -0.0050 0.0250 
<location>: 19.100000, 0.000000, -115.852165
<location>: 19.100000, 0.000000, -115.807831
<location>: 19.100000, 0.000000, -115.859177
<location>: 19.100000, 0.000000, -115.805962
<location>: 19.100000, 0.000000, -115.559319
<imu>: <gyro>: -0.0330 0.0110 0.0230 <accel>: 0.0260 -0.0050 0.0250 
<location>: 19.100000, 0.000000, -115.686325
<location>: 19.100000, 0.000000, -115.771568
<attitude>: 0.802 -0.597 0.002 0.376 0.507 0.775 -0.464 -0.621 0.631 
<system>: , 0.000
<throttle>: 0.00 0.00 0.00 0.00 
<location>: 19.100000, 0.000000, -115.884285
<location>: 19.100000, 0.000000, -116.036537
<location>: 19.100000, 0.000000, -115.967300
<imu>: <gyro>: -0.0330 0.0110 0.0230 <accel>: 0.0260 -0.0050 0.0250 
<location>: 19.100000, 0.000000, -115.920937
<location>: 19.100000, 0.000000, -115.877243
<location>: 19.100000, 0.000000, -115.848984
<location>: 19.100000, 0.000000, -115.693260
<location>: 19.100000, 0.000000, -115.710823
<imu>: <gyro>: -0.0330 0.0110 0.0230 <accel>: 0.0260 -0.0050 0.0250 
<location>: 19.100000, 0.000000, -115.843178
<attitude>: 0.805 -0.594 0.004 0.375 0.514 0.771 -0.460 -0.619 0.637 
<system>: , 0.000
<throttle>: 0.00 0.00 0.00 0.00 
<location>: 19.100000, 0.000000, -115.919823
<location>: 19.100000, 0.000000, -115.815208
<location>: 19.100000, 0.000000, -115.668266
<location>: 19.100000, 0.000000, -115.618019
<imu>: <gyro>: -0.0330 0.0110 0.0230 <accel>: 0.0260 -0.0050 0.0250 
<location>: 19.100000, 0.000000, -115.450516
<location>: 19.100000, 0.000000, -115.450943
<location>: 19.100000, 0.000000, -115.465881
<location>: 19.100000, 0.000000, -115.579575
<imu>: <gyro>: -0.0330 0.0110 0.0230 <accel>: 0.0260 -0.0050 0.0250 
<location>: 19.100000, 0.000000, -115.667854
<location>: 19.100000, 0.000000, -115.786079
<attitude>: 0.807 -0.590 0.006 0.375 0.521 0.767 -0.456 -0.617 0.642 
<system>: , 0.000
<throttle>: 0.00 0.00 0.00 0.00 
<location>: 19.100000, 0.000000, -115.867569
<location>: 19.100000, 0.000000, -115.821159
<location>: 19.100000, 0.000000, -115.754570
<imu>: <gyro>: -0.0330 0.0110 0.0230 <accel>: 0.0260 -0.0050 0.0250 
<location>: 19.100000, 0.000000, -115.725006
<location>: 19.100000, 0.000000, -115.813606
<location>: 19.100000, 0.000000, -115.853081
<location>: 19.100000, 0.000000, -115.840080
<location>: 19.100000, 0.000000, -115.814125
<imu>: <gyro>: -0.0330 0.0110 0.0230 <accel>: 0.0260 -0.0050 0.0250 
<location>: 19.100000, 0.000000, -115.736069
<attitude>: 0.810 -0.586 0.008 0.374 0.528 0.763 -0.451 -0.615 0.647 
<system>: , 0.000
<throttle>: 0.00 0.00 0.00 0.00 
<location>: 19.100000, 0.000000, -115.646118
<location>: 19.100000, 0.000000, -115.860214
<location>: 19.100000, 0.000000, -115.825294
<location>: 19.100000, 0.000000, -115.757126
<imu>: <gyro>: -0.0330 0.0110 0.0230 <accel>: 0.0260 -0.0050 0.0250 
<location>: 19.100000, 0.000000, -115.820396
<location>: 19.100000, 0.000000, -115.869652
<location>: 19.100000, 0.000000, -115.893372
<location>: 19.100000, 0.000000, -115.787971
<location>: 19.100000, 0.000000, -115.869629
<imu>: <gyro>: -0.0330 0.0110 0.0230 <accel>: 0.0260 -0.0050 0.0250 
<location>: 19.100000, 0.000000, -115.954254
<attitude>: 0.813 -0.582 0.010 0.373 0.535 0.758 -0.447 -0.613 0.652 
<system>: , 0.000
<throttle>: 0.00 0.00 0.00 0.00 
<location>: 19.100000, 0.000000, -115.855240
<location>: 19.100000, 0.000000, -115.884895
<location>: 19.100000, 0.000000, -115.730209
<imu>: <gyro>: -0.0330 0.0110 0.0230 <accel>: 0.0260 -0.0050 0.0250 
<location>: 19.100000, 0.000000, -115.765884
<location>: 19.100000, 0.000000, -115.894180
<location>: 19.100000, 0.000000, -115.807953
<location>: 19.100000, 0.000000, -115.762474
<location>: 19.100000, 0.000000, -115.758949
<imu>: <gyro>: -0.0330 0.0110 0.0230 <accel>: 0.0260 -0.0050 0.0250 
<location>: 19.100000, 0.000000, -115.791496
<attitude>: 0.816 -0.578 0.012 0.372 0.541 0.754 -0.443 -0.610 0.657 
<system>: , 0.000
<throttle>: 0.00 0.00 0.00 0.00 
<location>: 19.100000, 0.000000, -115.829170
<location>: 19.100000, 0.000000, -115.802513
<location>: 19.100000, 0.000000, -115.958336
<location>: 19.100000, 0.000000, -116.082893
<imu>: <gyro>: -0.0330 0.0110 0.0230 <accel>: 0.0260 -0.0050 0.0250 
<location>: 19.100000, 0.000000, -115.951149
<location>: 19.100000, 0.000000, -115.757202
<location>: 19.100000, 0.000000, -115.734756
<location>: 19.100000, 0.000000, -115.894096
<location>: 19.100000, 0.000000, -115.862808
<imu>: <gyro>: -0.0330 0.0110 0.0230 <accel>: 0.0260 -0.0050 0.0250 
<location>: 19.100000, 0.000000, -115.828209
<attitude>: 0.818 -0.575 0.014 0.372 0.548 0.749 -0.438 -0.608 0.662 
<system>: , 0.000
<throttle>: 0.00 0.00 0.00 0.00 
<location>: 19.100000, 0.000000, -115.657990
<location>: 19.100000, 0.000000, -115.681183
<location>: 19.100000, 0.000000, -115.660858
<location>: 19.100000, 0.000000, -115.763931
<imu>: <gyro>: -0.0330 0.0110 0.0230 <accel>: 0.0260 -0.0050 0.0250 
<location>: 19.100000, 0.000000, -115.922318
<location>: 19.100000, 0.000000, -115.913612
<location>: 19.100000, 0.000000, -115.846138
<location>: 19.100000, 0.000000, -115.890228
<location>: 19.100000, 0.000000, -115.889992
<imu>: <gyro>: -0.0330 0.0110 0.0230 <accel>: 0.0260 -0.0050 0.0250 
<location>: 19.100000, 0.000000, -115.896683
<attitude>: 0.821 -0.571 0.016 0.371 0.555 0.745 -0.434 -0.606 0.667 
<system>: , 0.000
<throttle>: 0.00 0.00 0.00 0.00 
<location>: 19.100000, 0.000000, -115.857391
<location>: 19.100000, 0.000000, -115.760818
<location>: 19.100000, 0.000000, -115.778603
<imu>: <gyro>: -0.0330 0.0110 0.0230 <accel>: 0.0260 -0.0050 0.0250 
<location>: 19.100000, 0.000000, -115.838905
<location>: 19.100000, 0.000000, -115.907562
<location>: 19.100000, 0.000000, -115.683876
<location>: 19.100000, 0.000000, -115.487770
<location>: 19.100000, 0.000000, -115.549896
<imu>: <gyro>: -0.0330 0.0110 0.0230 <accel>: 0.0260 -0.0050 0.0250 
<location>: 19.100000, 0.000000, -115.792831
<attitude>: 0.824 -0.567 0.018 0.370 0.561 0.740 -0.430 -0.603 0.672 
<system>: , 0.000
<throttle>: 0.00 0.00 0.00 0.00 
<location>: 19.100000, 0.000000, -115.807755
<location>: 19.100000, 0.000000, -115.759773
<location>: 19.100000, 0.000000, -115.771645
<location>: 19.100000, 0.000000, -115.808281
<imu>: <gyro>: -0.0330 0.0110 0.0230 <accel>: 0.0260 -0.0050 0.0250 
<location>: 19.100000, 0.000000, -115.823906
<location>: 19.100000, 0.000000, -115.776695
<location>: 19.100000, 0.000000, -115.910721
<location>: 19.100000, 0.000000, -115.995613
<location>: 19.100000, 0.000000, -115.853798
<imu>: <gyro>: -0.0330 0.0110 0.0230 <accel>: 0.0260 -0.0050 0.0250 
<location>: 19.100000, 0.000000, -115.851501
<attitude>: 0.826 -0.563 0.020 0.369 0.568 0.736 -0.426 -0.601 0.677 
<system>: , 0.000
<throttle>: 0.00 0.00 0.00 0.00 
<location>: 19.100000, 0.000000, -115.949844
<location>: 19.100000, 0.000000, -115.908997
<location>: 19.100000, 0.000000, -115.862099
<location>: 19.100000, 0.000000, -115.791809
<imu>: <gyro>: -0.0330 0.0110 0.0230 <accel>: 0.0260 -0.0050 0.0250 
<location>: 19.100000, 0.000000, -115.658989
<location>: 19.100000, 0.000000, -115.689377
<location>: 19.100000, 0.000000, -115.753654
<location>: 19.100000, 0.000000, -116.050934
<imu>: <gyro>: -0.0330 0.0110 0.0230 <accel>: 0.0260 -0.0050 0.0250 
<location>: 19.100000, 0.000000, -115.882706
<attitude>: 0.829 -0.559 0.022 0.368 0.574 0.731 -0.421 -0.598 0.682 
<system>: , 0.000
<throttle>: 0.00 0.00 0.00 0.00 
<location>: 19.100000, 0.000000, -115.898170
<location>: 19.100000, 0.000000, -115.798637
<location>: 19.100000, 0.000000, -115.801315
<location>: 19.100000, 0.000000, -116.039894
<imu>: <gyro>: -0.0330 0.0110 0.0230 <accel>: 0.0260 -0.0050 0.0250 
<location>: 19.100000, 0.000000, -115.945206
<location>: 19.100000, 0.000000, -115.816208
<location>: 19.100000, 0.000000, -115.812462
<location>: 19.100000, 0.000000, -115.864716
<location>: 19.100000, 0.000000, -115.807358
<imu>: <gyro>: -0.0330 0.0110 0.0230 <accel>: 0.0260 -0.0050 0.0250 
<location>: 19.100000, 0.000000, -115.765511
<attitude>: 0.832 -0.555 0.024 0.367 0.581 0.727 -0.417 -0.595 0.687 
<system>: , 0.000
<throttle>: 0.00 0.00 0.00 0.00 
<location>: 19.100000, 0.000000, -115.812515
<location>: 19.100000, 0.000000, -115.806290
<location>: 19.100000, 0.000000, -115.793610
<location>: 19.100000, 0.000000, -115.927391
<imu>: <gyro>: -0.0330 0.0110 0.0230 <accel>: 0.0260 -0.0050 0.0250 
<location>: 19.100000, 0.000000, -116.080055
<location>: 19.100000, 0.000000, -115.988991
<location>: 19.100000, 0.000000, -116.176888
<location>: 19.100000, 0.000000, -115.986343
<location>: 19.100000, 0.000000, -115.833290
<imu>: <gyro>: -0.0330 0.0110 0.0230 <accel>: 0.0260 -0.0050 0.0250 
<attitude>: 0.834 -0.551 0.026 0.366 0.588 0.722 -0.413 -0.593 0.691 
<system>: , 0.000
<throttle>: 0.00 0.00 0.00 0.00 
<location>: 19.100000, 0.000000, -115.844078
<location>: 19.100000, 0.000000, -115.781837
<location>: 19.100000, 0.000000, -115.650414
<location>: 19.100000, 0.000000, -115.745613
<imu>: <gyro>: -0.0330 0.0110 0.0230 <accel>: 0.0260 -0.0050 0.0250 
<location>: 19.100000, 0.000000, -115.763313
<location>: 19.100000, 0.000000, -115.802834
<location>: 19.100000, 0.000000, -115.876633
<location>: 19.100000, 0.000000, -115.856712
<location>: 19.100000, 0.000000, -115.846718
<imu>: <gyro>: -0.0330 0.0110 0.0230 <accel>: 0.0260 -0.0050 0.0250 
<location>: 19.100000, 0.000000, -115.884285
<attitude>: 0.837 -0.547 0.028 0.364 0.594 0.717 -0.409 -0.590 0.696 
<system>: , 0.000
<throttle>: 0.00 0.00 0.00 0.00 
<location>: 19.100000, 0.000000, -115.899147
<location>: 19.100000, 0.000000, -115.867004
<location>: 19.100000, 0.000000, -115.910110
<location>: 19.100000, 0.000000, -115.903595
<imu>: <gyro>: -0.0330 0.0110 0.0230 <accel>: 0.0260 -0.0050 0.0250 
<location>: 19.100000, 0.000000, -115.998276
<location>: 19.100000, 0.000000, -116.104118
<location>: 19.100000, 0.000000, -116.198051
<location>: 19.100000, 0.000000, -116.056786
<location>: 19.100000, 0.000000, -116.017426
<imu>: <gyro>: -0.0330 0.0110 0.0230 <accel>: 0.0260 -0.0050 0.0250 
<location>: 19.100000, 0.000000, -115.971626
<attitude>: 0.839 -0.543 0.029 0.363 0.600 0.712 -0.404 -0.587 0.701 
<system>: , 0.000
<throttle>: 0.00 0.00 0.00 0.00 
<location>: 19.100000, 0.000000, -115.910248
<location>: 19.100000, 0.000000, -115.873405
<location>: 19.100000, 0.000000, -115.850037
<location>: 19.100000, 0.000000, -115.713570
<imu>: <gyro>: -0.0330 0.0110 0.0230 <accel>: 0.0260 -0.0050 0.0250 
<location>: 19.100000, 0.000000, -115.656837
<location>: 19.100000, 0.000000, -115.694588
<location>: 19.100000, 0.000000, -115.722374
<location>: 19.100000, 0.000000, -115.777519
<imu>: <gyro>: -0.0330 0.0110 0.0230 <accel>: 0.0260 -0.0050 0.0250 
<location>: 19.100000, 0.000000, -115.784851
<attitude>: 0.842 -0.539 0.031 0.362 0.607 0.708 -0.400 -0.585 0.706 
<system>: , 0.000
<throttle>: 0.00 0.00 0.00 0.00 
<location>: 19.100000, 0.000000, -115.712234
<location>: 19.100000, 0.000000, -115.707565
<location>: 19.100000, 0.000000, -115.749191
<location>: 19.100000, 0.000000, -115.902603
<imu>: <gyro>: -0.0330 0.0110 0.0230 <accel>: 0.0260 -0.0050 0.0250 
<location>: 19.100000, 0.000000, -115.903275
<location>: 19.100000, 0.000000, -115.748672
<location>: 19.100000, 0.000000, -115.805061
<location>: 19.100000, 0.000000, -115.716736
<location>: 19.100000, 0.000000, -115.756386
<imu>: <gyro>: -0.0330 0.0110 0.0230 <accel>: 0.0260 -0.0050 0.0250 
<location>: 19.100000, 0.000000, -115.907616
<attitude>: 0.845 -0.535 0.033 0.361 0.613 0.703 -0.396 -0.582 0.711 
<system>: , 0.000
<throttle>: 0.00 0.00 0.00 0.00 
<location>: 19.100000, 0.000000, -115.762840
<location>: 19.100000, 0.000000, -115.657822
<location>: 19.100000, 0.000000, -115.596695
<location>: 19.100000, 0.000000, -115.615868
<imu>: <gyro>: -0.0330 0.0110 0.0230 <accel>: 0.0260 -0.0050 0.0250 
<location>: 19.100000, 0.000000, -115.610840
<location>: 19.100000, 0.000000, -115.815392
<location>: 19.100000, 0.000000, -115.769569
<location>: 19.100000, 0.000000, -115.758080
<location>: 19.100000, 0.000000, -115.839951
<imu>: <gyro>: -0.0330 0.0110 0.0230 <accel>: 0.0260 -0.0050 0.0250 
<attitude>: 0.847 -0.530 0.034 0.359 0.619 0.698 -0.392 -0.579 0.715 
<system>: , 0.000
<throttle>: 0.00 0.00 0.00 0.00 
<location>: 19.100000, 0.000000, -115.873795
<location>: 19.100000, 0.000000, -115.818069
<location>: 19.100000, 0.000000, -115.719536
<location>: 19.100000, 0.000000, -115.543411
<location>: 19.100000, 0.000000, -115.676109
<imu>: <gyro>: -0.0330 0.0110 0.0230 <accel>: 0.0260 -0.0050 0.0250 
<location>: 19.100000, 0.000000, -115.756172
<location>: 19.100000, 0.000000, -115.878761
<location>: 19.100000, 0.000000, -115.738792
<location>: 19.100000, 0.000000, -115.624603
<imu>: <gyro>: -0.0330 0.0110 0.0230 <accel>: 0.0260 -0.0050 0.0250 
<location>: 19.100000, 0.000000, -115.763016
<attitude>: 0.850 -0.526 0.036 0.358 0.626 0.693 -0.387 -0.576 0.720 
<system>: , 0.000
<throttle>: 0.00 0.00 0.00 0.00 
<location>: 19.100000, 0.000000, -115.864693
<location>: 19.100000, 0.000000, -115.632729
<location>: 19.100000, 0.000000, -115.707314
<location>: 19.100000, 0.000000, -115.850784
<imu>: <gyro>: -0.0330 0.0110 0.0230 <accel>: 0.0260 -0.0050 0.0250 
<location>: 19.100000, 0.000000, -115.886124
<location>: 19.100000, 0.000000, -115.878502
<location>: 19.100000, 0.000000, -115.830597
<location>: 19.100000, 0.000000, -115.721909
<location>: 19.100000, 0.000000, -115.717545
<imu>: <gyro>: -0.0330 0.0110 0.0230 <accel>: 0.0260 -0.0050 0.0250 
<attitude>: 0.852 -0.522 0.038 0.357 0.632 0.688 -0.383 -0.573 0.725 
<system>: , 0.000
<throttle>: 0.00 0.00 0.00 0.00 
<location>: 19.100000, 0.000000, -115.791382
<location>: 19.100000, 0.000000, -115.763519
<location>: 19.100000, 0.000000, -115.918411
<location>: 19.100000, 0.000000, -116.081169
<location>: 19.100000, 0.000000, -116.018372
<imu>: <gyro>: -0.0330 0.0110 0.0230 <accel>: 0.0260 -0.0050 0.0250 
<location>: 19.100000, 0.000000, -116.017677
<location>: 19.100000, 0.000000, -116.019295
<location>: 19.100000, 0.000000, -115.991692
<location>: 19.100000, 0.000000, -115.916359
<location>: 19.100000, 0.000000, -115.869507
<imu>: <gyro>: -0.0330 0.0110 0.0230 <accel>: 0.0260 -0.0050 0.0250 
<attitude>: 0.855 -0.518 0.039 0.355 0.638 0.683 -0.379 -0.570 0.729 
<system>: , 0.000
<throttle>: 0.00 0.00 0.00 0.00 
<location>: 19.100000, 0.000000, -115.721664
<location>: 19.100000, 0.000000, -115.653267
<location>: 19.100000, 0.000000, -115.750183
<location>: 19.100000, 0.000000, -115.655075
<imu>: <gyro>: -0.0330 0.0110 0.0230 <accel>: 0.0260 -0.0050 0.0250 
<location>: 19.100000, 0.000000, -115.649651
<location>: 19.100000, 0.000000, -115.735176
<location>: 19.100000, 0.000000, -115.872826
<location>: 19.100000, 0.000000, -116.043144
<location>: 19.100000, 0.000000, -115.904190
<imu>: <gyro>: -0.0330 0.0110 0.0230 <accel>: 0.0260 -0.0050 0.0250 
<location>: 19.100000, 0.000000, -115.758202
<attitude>: 0.857 -0.514 0.041 0.354 0.644 0.678 -0.375 -0.567 0.734 
<system>: , 0.000
<throttle>: 0.00 0.00 0.00 0.00 
<location>: 19.100000, 0.000000, -115.604362
<location>: 19.100000, 0.000000, -115.467186
<location>: 19.100000, 0.000000, -115.492996
<location>: 19.100000, 0.000000, -115.509125
<imu>: <gyro>: -0.0330 0.0110 0.0230 <accel>: 0.0260 -0.0050 0.0250 
<location>: 19.100000, 0.000000, -115.637726
<location>: 19.100000, 0.000000, -115.735886
<location>: 19.100000, 0.000000, -115.834961
<location>: 19.100000, 0.000000, -115.896339
<location>: 19.100000, 0.000000, -115.787743
<imu>: <gyro>: -0.0330 0.0110 0.0230 <accel>: 0.0260 -0.0050 0.0250 
<attitude>: 0.859 -0.509 0.042 0.352 0.650 0.673 -0.370 -0.563 0.739 
<system>: , 0.000
<throttle>: 0.00 0.00 0.00 0.00 
<location>: 19.100000, 0.000000, -115.744225
<location>: 19.100000, 0.000000, -115.659752
<location>: 19.100000, 0.000000, -115.642059
<location>: 19.100000, 0.000000, -115.636169
<location>: 19.100000, 0.000000, -115.660240
<imu>: <gyro>: -0.0330 0.0110 0.0230 <accel>: 0.0260 -0.0050 0.0250 
<location>: 19.100000, 0.000000, -115.821228
<location>: 19.100000, 0.000000, -115.863617
<location>: 19.100000, 0.000000, -115.825699
<location>: 19.100000, 0.000000, -115.753365
<imu>: <gyro>: -0.0330 0.0110 0.0230 <accel>: 0.0260 -0.0050 0.0250 
<location>: 19.100000, 0.000000, -115.798157
<attitude>: 0.862 -0.505 0.044 0.351 0.656 0.668 -0.366 -0.560 0.743 
<system>: , 0.000
<throttle>: 0.00 0.00 0.00 0.00 
<location>: 19.100000, 0.000000, -115.847298
<location>: 19.100000, 0.000000, -115.917809
<location>: 19.100000, 0.000000, -115.963318
<location>: 19.100000, 0.000000, -115.950195
<imu>: <gyro>: -0.0330 0.0110 0.0230 <accel>: 0.0260 -0.0050 0.0250 
<location>: 19.100000, 0.000000, -115.942505
<location>: 19.100000, 0.000000, -115.995598
<location>: 19.100000, 0.000000, -115.970032
<location>: 19.100000, 0.000000, -115.910088
<location>: 19.100000, 0.000000, -115.890953
<imu>: <gyro>: -0.0330 0.0110 0.0230 <accel>: 0.0260 -0.0050 0.0250 
<attitude>: 0.864 -0.501 0.045 0.349 0.663 0.663 -0.362 -0.557 0.748 
<system>: , 0.000
<throttle>: 0.00 0.00 0.00 0.00 
<location>: 19.100000, 0.000000, -115.909576
<location>: 19.100000, 0.000000, -115.882690
<location>: 19.100000, 0.000000, -115.803032
<location>: 19.100000, 0.000000, -115.768250
<location>: 19.100000, 0.000000, -115.693893
<imu>: <gyro>: -0.0330 0.0110 0.0230 <accel>: 0.0260 -0.0050 0.0250 
<location>: 19.100000, 0.000000, -115.782455
<location>: 19.100000, 0.000000, -115.613991
<location>: 19.100000, 0.000000, -115.563499
<location>: 19.100000, 0.000000, -115.775398
<location>: 19.100000, 0.000000, -115.814209
<imu>: <gyro>: -0.0330 0.0110 0.0230 <accel>: 0.0260 -0.0050 0.0250 
<attitude>: 0.867 -0.497 0.047 0.348 0.668 0.657 -0.358 -0.554 0.752 
<system>: , 0.000
<throttle>: 0.00 0.00 0.00 0.00 
<location>: 19.100000, 0.000000, -115.773949
<location>: 19.100000, 0.000000, -115.790993
<location>: 19.100000, 0.000000, -115.786263
<location>: 19.100000, 0.000000, -115.781509
<imu>: <gyro>: -0.0330 0.0110 0.0230 <accel>: 0.0260 -0.0050 0.0250 
<location>: 19.100000, 0.000000, -115.685753
<location>: 19.100000, 0.000000, -115.623978
<location>: 19.100000, 0.000000, -115.692154
<location>: 19.100000, 0.000000, -115.713753
<location>: 19.100000, 0.000000, -115.624718
<imu>: <gyro>: -0.0330 0.0110 0.0230 <accel>: 0.0260 -0.0050 0.0250 
<attitude>: 0.869 -0.492 0.048 0.346 0.674 0.652 -0.353 -0.550 0.757 
<system>: , 0.000
<throttle>: 0.00 0.00 0.00 0.00 
<location>: 19.100000, 0.000000, -115.682732
<location>: 19.100000, 0.000000, -115.802666
<location>: 19.100000, 0.000000, -115.818642
<location>: 19.100000, 0.000000, -115.785652
<location>: 19.100000, 0.000000, -115.630409
<imu>: <gyro>: -0.0330 0.0110 0.0230 <accel>: 0.0260 -0.0050 0.0250 
<location>: 19.100000, 0.000000, -115.592216
<location>: 19.100000, 0.000000, -115.659882
<location>: 19.100000, 0.000000, -115.578506
<location>: 19.100000, 0.000000, -115.821793
<location>: 19.100000, 0.000000, -115.925163
<imu>: <gyro>: -0.0330 0.0110 0.0230 <accel>: 0.0260 -0.0050 0.0250 
<attitude>: 0.872 -0.488 0.049 0.344 0.680 0.647 -0.349 -0.547 0.761 
<system>: , 0.000
<throttle>: 0.00 0.00 0.00 0.00 
<location>: 19.100000, 0.000000, -115.934822
<location>: 19.100000, 0.000000, -115.853264
<location>: 19.100000, 0.000000, -115.872810
<location>: 19.100000, 0.000000, -115.882980
<location>: 19.100000, 0.000000, -115.764626
<imu>: <gyro>: -0.0330 0.0110 0.0230 <accel>: 0.0260 -0.0050 0.0250 
<location>: 19.100000, 0.000000, -115.655052
<location>: 19.100000, 0.000000, -115.581612
<location>: 19.100000, 0.000000, -115.670227
<location>: 19.100000, 0.000000, -115.780548
<location>: 19.100000, 0.000000, -115.747444
<imu>: <gyro>: -0.0330 0.0110 0.0230 <accel>: 0.0260 -0.0050 0.0250 
<attitude>: 0.874 -0.484 0.051 0.343 0.686 0.642 -0.345 -0.543 0.765 
<system>: , 0.000
<throttle>: 0.00 0.00 0.00 0.00 
<location>: 19.100000, 0.000000, -115.809433
<location>: 19.100000, 0.000000, -115.758926
<location>: 19.100000, 0.000000, -115.729897
<location>: 19.100000, 0.000000, -115.772911
<imu>: <gyro>: -0.0330 0.0110 0.0230 <accel>: 0.0260 -0.0050 0.0250 
<location>: 19.100000, 0.000000, -115.757874
<location>: 19.100000, 0.000000, -115.796074
<location>: 19.100000, 0.000000, -115.908913
<location>: 19.100000, 0.000000, -116.010216
<location>: 19.100000, 0.000000, -115.981567
<imu>: <gyro>: -0.0330 0.0110 0.0230 <accel>: 0.0260 -0.0050 0.0250 
<attitude>: 0.876 -0.479 0.052 0.341 0.692 0.636 -0.341 -0.540 0.770 
<system>: , 0.000
<throttle>: 0.00 0.00 0.00 0.00 
<location>: 19.100000, 0.000000, -115.868156
<location>: 19.100000, 0.000000, -115.835953
<location>: 19.100000, 0.000000, -115.857407
<location>: 19.100000, 0.000000, -116.002205
<location>: 19.100000, 0.000000, -115.895111
<imu>: <gyro>: -0.0330 0.0110 0.0230 <accel>: 0.0260 -0.0050 0.0250 
<location>: 19.100000, 0.000000, -115.765572
<location>: 19.100000, 0.000000, -115.822227
<location>: 19.100000, 0.000000, -115.720329
<location>: 19.100000, 0.000000, -115.722763
<location>: 19.100000, 0.000000, -115.835419
<attitude>: 0.879 -0.475 0.053 0.339 0.698 0.631 -0.337 -0.536 0.774 
<imu>: <gyro>: -0.0330 0.0110 0.0230 <accel>: 0.0260 -0.0050 0.0250 
<system>: , 0.0000
<throttle>: 0.00 0.00 0.00 0.00 
<location>: 19.100000, 0.000000, -115.791405
<location>: 19.100000, 0.000000, -115.683586
<location>: 19.100000, 0.000000, -115.494171
<location>: 19.100000, 0.000000, -115.499191
<location>: 19.100000, 0.000000, -115.592041
<imu>: <gyro>: -0.0330 0.0110 0.0230 <accel>: 0.0260 -0.0050 0.0250 
<location>: 19.100000, 0.000000, -115.714478
<location>: 19.100000, 0.000000, -115.774635
<location>: 19.100000, 0.000000, -115.922897
<location>: 19.100000, 0.000000, -115.917183
<attitude>: 0.881 -0.470 0.054 0.337 0.704 0.626 -0.332 -0.533 0.778 
<imu>: <gyro>: -0.0330 0.0110 0.0230 <accel>: 0.0260 -0.0050 0.0250 
<system>: , 0.0000
<throttle>: 0.00 0.00 0.00 0.00 
<location>: 19.100000, 0.000000, -116.021202
<location>: 19.100000, 0.000000, -115.866112
<location>: 19.100000, 0.000000, -115.839050
<location>: 19.100000, 0.000000, -115.878860
<location>: 19.100000, 0.000000, -115.772392
<imu>: <gyro>: -0.0330 0.0110 0.0230 <accel>: 0.0260 -0.0050 0.0250 
<location>: 19.100000, 0.000000, -115.659874
<location>: 19.100000, 0.000000, -115.640388
<location>: 19.100000, 0.000000, -115.719101
<location>: 19.100000, 0.000000, -115.922386
<location>: 19.100000, 0.000000, -116.004143
<attitude>: 0.883 -0.466 0.055 0.335 0.709 0.620 -0.328 -0.529 0.783 
<imu>: <gyro>: -0.0330 0.0110 0.0230 <accel>: 0.0260 -0.0050 0.0250 
<system>: , 0.0000
<throttle>: 0.00 0.00 0.00 0.00 
<location>: 19.100000, 0.000000, -115.965897
<location>: 19.100000, 0.000000, -115.985878
<location>: 19.100000, 0.000000, -115.932571
<location>: 19.100000, 0.000000, -115.700615
<location>: 19.100000, 0.000000, -115.755745
<imu>: <gyro>: -0.0330 0.0110 0.0230 <accel>: 0.0260 -0.0050 0.0250 
<location>: 19.100000, 0.000000, -115.856453
<location>: 19.100000, 0.000000, -115.870720
<location>: 19.100000, 0.000000, -115.847702
<location>: 19.100000, 0.000000, -115.885269
<attitude>: 0.885 -0.461 0.056 0.333 0.715 0.615 -0.324 -0.525 0.787 
<imu>: <gyro>: -0.0330 0.0110 0.0230 <accel>: 0.0260 -0.0050 0.0250 
<system>: , 0.0000
<throttle>: 0.00 0.00 0.00 0.00 
<location>: 19.100000, 0.000000, -115.693535
<location>: 19.100000, 0.000000, -115.832634
<location>: 19.100000, 0.000000, -116.034126
<location>: 19.100000, 0.000000, -116.015465
<location>: 19.100000, 0.000000, -115.829918
<imu>: <gyro>: -0.0330 0.0110 0.0230 <accel>: 0.0260 -0.0050 0.0250 
<location>: 19.100000, 0.000000, -115.806824
<location>: 19.100000, 0.000000, -115.971214
<location>: 19.100000, 0.000000, -116.002205
<location>: 19.100000, 0.000000, -115.915115
<location>: 19.100000, 0.000000, -115.933838
<attitude>: 0.888 -0.457 0.058 0.331 0.720 0.609 -0.320 -0.522 0.791 
<imu>: <gyro>: -0.0330 0.0110 0.0230 <accel>: 0.0260 -0.0050 0.0250 
<system>: , 0.0000
<throttle>: 0.00 0.00 0.00 0.00 
<location>: 19.100000, 0.000000, -115.906387
<location>: 19.100000, 0.000000, -115.711288
<location>: 19.100000, 0.000000, -115.525497
<location>: 19.100000, 0.000000, -115.602005
<location>: 19.100000, 0.000000, -115.704788
<imu>: <gyro>: -0.0330 0.0110 0.0230 <accel>: 0.0260 -0.0050 0.0250 
<location>: 19.100000, 0.000000, -115.414536
<location>: 19.100000, 0.000000, -115.357506
<location>: 19.100000, 0.000000, -115.543716
<location>: 19.100000, 0.000000, -115.770744
<location>: 19.100000, 0.000000, -115.559563
<attitude>: 0.890 -0.452 0.059 0.329 0.726 0.604 -0.316 -0.518 0.795 
<imu>: <gyro>: -0.0330 0.0110 0.0230 <accel>: 0.0260 -0.0050 0.0250 
<system>: , 0.0000
<throttle>: 0.00 0.00 0.00 0.00 
<location>: 19.100000, 0.000000, -115.824677
<location>: 19.100000, 0.000000, -115.684486
<location>: 19.100000, 0.000000, -115.702713
<location>: 19.100000, 0.000000, -115.631485
<imu>: <gyro>: -0.0330 0.0110 0.0230 <accel>: 0.0260 -0.0050 0.0250 
<location>: 19.100000, 0.000000, -115.645790
<location>: 19.100000, 0.000000, -115.736977
<location>: 19.100000, 0.000000, -115.785156
<location>: 19.100000, 0.000000, -115.633911
<location>: 19.100000, 0.000000, -115.555565
<attitude>: 0.892 -0.448 0.060 0.327 0.732 0.598 -0.312 -0.514 0.799 
<imu>: <gyro>: -0.0330 0.0110 0.0230 <accel>: 0.0260 -0.0050 0.0250 
<system>: , 0.0000
<throttle>: 0.00 0.00 0.00 0.00 
<location>: 19.100000, 0.000000, -115.595596
<location>: 19.100000, 0.000000, -115.685921
<location>: 19.100000, 0.000000, -115.855370
<location>: 19.100000, 0.000000, -115.913132
<location>: 19.100000, 0.000000, -116.049011
<imu>: <gyro>: -0.0330 0.0110 0.0230 <accel>: 0.0260 -0.0050 0.0250 
<location>: 19.100000, 0.000000, -115.997253
<location>: 19.100000, 0.000000, -115.875641
<location>: 19.100000, 0.000000, -115.789108
<location>: 19.100000, 0.000000, -115.655991
<location>: 19.100000, 0.000000, -115.611305
<attitude>: 0.894 -0.443 0.061 0.325 0.737 0.593 -0.307 -0.510 0.803 
<imu>: <gyro>: -0.0330 0.0110 0.0230 <accel>: 0.0260 -0.0050 0.0250 
<system>: , 0.0000
<throttle>: 0.00 0.00 0.00 0.00 
<location>: 19.100000, 0.000000, -115.530373
<location>: 19.100000, 0.000000, -115.585381
<location>: 19.100000, 0.000000, -115.538231
<location>: 19.100000, 0.000000, -115.676910
<location>: 19.100000, 0.000000, -115.644608
<imu>: <gyro>: -0.0330 0.0110 0.0230 <accel>: 0.0260 -0.0050 0.0250 
<location>: 19.100000, 0.000000, -115.840477
<location>: 19.100000, 0.000000, -115.874390
<location>: 19.100000, 0.000000, -115.831841
<location>: 19.100000, 0.000000, -115.718864
<attitude>: 0.896 -0.439 0.062 0.323 0.742 0.587 -0.303 -0.506 0.807 
<imu>: <gyro>: -0.0330 0.0110 0.0230 <accel>: 0.0260 -0.0050 0.0250 
<system>: , 0.0000
<throttle>: 0.00 0.00 0.00 0.00 
<location>: 19.100000, 0.000000, -115.698723
<location>: 19.100000, 0.000000, -115.776825
<location>: 19.100000, 0.000000, -115.960312
<location>: 19.100000, 0.000000, -115.875076
<location>: 19.100000, 0.000000, -115.642380
<imu>: <gyro>: -0.0330 0.0110 0.0230 <accel>: 0.0260 -0.0050 0.0250 
<location>: 19.100000, 0.000000, -115.635994
<location>: 19.100000, 0.000000, -115.801056
<location>: 19.100000, 0.000000, -115.851089
<location>: 19.100000, 0.000000, -115.837097
<location>: 19.100000, 0.000000, -115.926582
<attitude>: 0.899 -0.434 0.062 0.321 0.748 0.581 -0.299 -0.502 0.811 
<imu>: <gyro>: -0.0330 0.0110 0.0230 <accel>: 0.0260 -0.0050 0.0250 
<system>: , 0.0000
<throttle>: 0.00 0.00 0.00 0.00 
<location>: 19.100000, 0.000000, -115.864090
<location>: 19.100000, 0.000000, -115.924278
<location>: 19.100000, 0.000000, -115.832169
<location>: 19.100000, 0.000000, -115.906868
<location>: 19.100000, 0.000000, -115.751556
<imu>: <gyro>: -0.0330 0.0110 0.0230 <accel>: 0.0260 -0.0050 0.0250 
<location>: 19.100000, 0.000000, -115.776642
<location>: 19.100000, 0.000000, -115.740761
<location>: 19.100000, 0.000000, -115.789436
<location>: 19.100000, 0.000000, -115.879387
<attitude>: 0.901 -0.430 0.063 0.319 0.753 0.576 -0.295 -0.498 0.815 
<imu>: <gyro>: -0.0330 0.0110 0.0230 <accel>: 0.0260 -0.0050 0.0250 
<system>: , 0.0000
<throttle>: 0.00 0.00 0.00 0.00 
<location>: 19.100000, 0.000000, -115.899590
<location>: 19.100000, 0.000000, -115.863121
<location>: 19.100000, 0.000000, -115.963524
<location>: 19.100000, 0.000000, -116.004456
<location>: 19.100000, 0.000000, -115.840569
<imu>: <gyro>: -0.0330 0.0110 0.0230 <accel>: 0.0260 -0.0050 0.0250 
<location>: 19.100000, 0.000000, -115.639175
<location>: 19.100000, 0.000000, -115.593124
<location>: 19.100000, 0.000000, -115.650650
<location>: 19.100000, 0.000000, -115.630508
<location>: 19.100000, 0.000000, -115.575821
<attitude>: 0.903 -0.425 0.064 0.317 0.758 0.570 -0.291 -0.494 0.819 
<imu>: <gyro>: -0.0330 0.0110 0.0230 <accel>: 0.0260 -0.0050 0.0250 
<system>: , 0.0000
<throttle>: 0.00 0.00 0.00 0.00 
<location>: 19.100000, 0.000000, -115.585968
<location>: 19.100000, 0.000000, -115.574814
<location>: 19.100000, 0.000000, -115.759674
<location>: 19.100000, 0.000000, -115.831184
<location>: 19.100000, 0.000000, -115.851067
<imu>: <gyro>: -0.0330 0.0110 0.0230 <accel>: 0.0260 -0.0050 0.0250 
<location>: 19.100000, 0.000000, -115.715858
<location>: 19.100000, 0.000000, -115.853653
<location>: 19.100000, 0.000000, -115.756920
<location>: 19.100000, 0.000000, -115.800117
<location>: 19.100000, 0.000000, -115.884224
<attitude>: 0.905 -0.421 0.065 0.314 0.764 0.564 -0.287 -0.490 0.823 
<imu>: <gyro>: -0.0330 0.0110 0.0230 <accel>: 0.0260 -0.0050 0.0250 
<system>: , 0.0000
<throttle>: 0.00 0.00 0.00 0.00 
<location>: 19.100000, 0.000000, -115.902962
<location>: 19.100000, 0.000000, -115.777008
<location>: 19.100000, 0.000000, -115.817780
<location>: 19.100000, 0.000000, -115.994469
<imu>: <gyro>: -0.0330 0.0110 0.0230 <accel>: 0.0260 -0.0050 0.0250 
<location>: 19.100000, 0.000000, -115.959953
<location>: 19.100000, 0.000000, -115.873886
<location>: 19.100000, 0.000000, -115.804573
<location>: 19.100000, 0.000000, -115.942253
<location>: 19.100000, 0.000000, -115.559769
<attitude>: 0.907 -0.416 0.066 0.312 0.769 0.558 -0.283 -0.486 0.827 
<imu>: <gyro>: -0.0330 0.0110 0.0230 <accel>: 0.0260 -0.0050 0.0250 
<system>: , 0.0000
<throttle>: 0.00 0.00 0.00 0.00 
<location>: 19.100000, 0.000000, -115.420113
<location>: 19.100000, 0.000000, -115.400894
<location>: 19.100000, 0.000000, -115.607483
<location>: 19.100000, 0.000000, -115.789055
<location>: 19.100000, 0.000000, -115.635300
<imu>: <gyro>: -0.0330 0.0110 0.0230 <accel>: 0.0260 -0.0050 0.0250 
<location>: 19.100000, 0.000000, -115.847710
<location>: 19.100000, 0.000000, -116.030121
<location>: 19.100000, 0.000000, -115.931526
<location>: 19.100000, 0.000000, -115.773926
<location>: 19.100000, 0.000000, -115.782166
<attitude>: 0.909 -0.411 0.066 0.310 0.774 0.553 -0.279 -0.482 0.831 
<imu>: <gyro>: -0.0330 0.0110 0.0230 <accel>: 0.0260 -0.0050 0.0250 
<system>: , 0.0000
<throttle>: 0.00 0.00 0.00 0.00 
<location>: 19.100000, 0.000000, -115.691498
<location>: 19.100000, 0.000000, -115.744133
<location>: 19.100000, 0.000000, -115.864830
<location>: 19.100000, 0.000000, -115.913086
<location>: 19.100000, 0.000000, -116.032768
<imu>: <gyro>: -0.0330 0.0110 0.0230 <accel>: 0.0260 -0.0050 0.0250 
<location>: 19.100000, 0.000000, -116.040192
<location>: 19.100000, 0.000000, -115.936790
<location>: 19.100000, 0.000000, -115.796951
<location>: 19.100000, 0.000000, -115.724464
<attitude>: 0.911 -0.407 0.067 0.307 0.779 0.547 -0.275 -0.477 0.835 
<imu>: <gyro>: -0.0330 0.0110 0.0230 <accel>: 0.0260 -0.0050 0.0250 
<system>: , 0.0000
<throttle>: 0.00 0.00 0.00 0.00 
<location>: 19.100000, 0.000000, -115.644623
<location>: 19.100000, 0.000000, -115.654266
<location>: 19.100000, 0.000000, -115.777679
<location>: 19.100000, 0.000000, -115.764389
<location>: 19.100000, 0.000000, -115.663628
<imu>: <gyro>: -0.0330 0.0110 0.0230 <accel>: 0.0260 -0.0050 0.0250 
<location>: 19.100000, 0.000000, -115.909500
<location>: 19.100000, 0.000000, -115.958641
<location>: 19.100000, 0.000000, -115.760345
<location>: 19.100000, 0.000000, -115.674591
<location>: 19.100000, 0.000000, -115.719368
<attitude>: 0.913 -0.402 0.068 0.305 0.784 0.541 -0.271 -0.473 0.838 
<imu>: <gyro>: -0.0330 0.0110 0.0230 <accel>: 0.0260 -0.0050 0.0250 
<system>: , 0.0000
<throttle>: 0.00 0.00 0.00 0.00 
<location>: 19.100000, 0.000000, -115.804756
<location>: 19.100000, 0.000000, -115.812660
<location>: 19.100000, 0.000000, -115.836571
<location>: 19.100000, 0.000000, -115.753914
<location>: 19.100000, 0.000000, -115.748352
<imu>: <gyro>: -0.0330 0.0110 0.0230 <accel>: 0.0260 -0.0050 0.0250 
<location>: 19.100000, 0.000000, -115.798042
<location>: 19.100000, 0.000000, -115.842270
<location>: 19.100000, 0.000000, -115.894501
<location>: 19.100000, 0.000000, -115.876541
<attitude>: 0.915 -0.397 0.068 0.302 0.789 0.535 -0.267 -0.469 0.842 
<imu>: <gyro>: -0.0330 0.0110 0.0230 <accel>: 0.0260 -0.0050 0.0250 
<system>: , 0.0000
<throttle>: 0.00 0.00 0.00 0.00 
<location>: 19.100000, 0.000000, -115.870979
<location>: 19.100000, 0.000000, -115.873573
<location>: 19.100000, 0.000000, -115.852913
<location>: 19.100000, 0.000000, -115.910004
<location>: 19.100000, 0.000000, -115.796989
<imu>: <gyro>: -0.0330 0.0110 0.0230 <accel>: 0.0260 -0.0050 0.0250 
<location>: 19.100000, 0.000000, -115.821831
<location>: 19.100000, 0.000000, -115.653336
<location>: 19.100000, 0.000000, -115.780716
<location>: 19.100000, 0.000000, -115.770615
<location>: 19.100000, 0.000000, -115.724739
<attitude>: 0.917 -0.393 0.069 0.300 0.794 0.529 -0.263 -0.464 0.846 
<imu>: <gyro>: -0.0330 0.0110 0.0230 <accel>: 0.0260 -0.0050 0.0250 
<system>: , 0.0000
<throttle>: 0.00 0.00 0.00 0.00 
<location>: 19.100000, 0.000000, -115.807388
<location>: 19.100000, 0.000000, -115.890938
<location>: 19.100000, 0.000000, -115.903091
<location>: 19.100000, 0.000000, -115.799408
<location>: 19.100000, 0.000000, -115.742638
<imu>: <gyro>: -0.0330 0.0110 0.0230 <accel>: 0.0260 -0.0050 0.0250 
<location>: 19.100000, 0.000000, -115.676460
<location>: 19.100000, 0.000000, -115.795349
<location>: 19.100000, 0.000000, -115.825966
